0 0.1788529411764706 0.4966143790849673 0.01128676470588239 0.053254901960784355
0 0.1890514705882353 0.5118562091503267 0.007382352941176462 0.028169934640522833
0 0.3376470588235294 0.33789542483660134 0.010404411764705834 0.03615686274509804
0 0.3947720588235294 0.25173856209150325 0.007176470588235251 0.033607843137254886
0 0.25634558823529413 0.22058823529411764 0.009058823529411786 0.03532026143790851
0 0.3884264705882353 0.2619346405228758 0.006955882352941245 0.031006535947712483
0 0.4831544117647059 0.21190849673202616 0.006566176470588303 0.028379084967320268
0 0.2771029411764706 0.29318954248366014 0.009632352941176503 0.03754248366013068
0 0.317625 0.3289934640522876 0.011294117647058854 0.048313725490196115
0 0.27661029411764704 0.32877124183006534 0.008713235294117628 0.03252287581699349
0 0.21447794117647057 0.21972549019607845 0.010367647058823514 0.0338039215686275
0 0.3623014705882353 0.22850980392156864 0.005955882352941177 0.021424836601307205
0 0.3618161764705882 0.2671503267973856 0.008036764705882327 0.034392156862745084
0 0.2622058823529412 0.21798692810457515 0.008286764705882365 0.02732026143790844
0 0.24255147058823529 0.24066666666666667 0.010058823529411764 0.03696732026143784
0 0.24938970588235296 0.23220915032679737 0.00986029411764706 0.033228758169934654
0 0.19055147058823527 0.24197385620915032 0.011470588235294121 0.031490196078431315
0 0.22949264705882352 0.2528235294117647 0.011639705882353014 0.028379084967320268