0 0.69140625 0.5376044568245125 0.0171875 0.055710306406685235
0 0.69921875 0.3983286908077994 0.0109375 0.05013927576601671
0 0.784375 0.28969359331476324 0.009375 0.027855153203342618
0 0.27578125 0.8704735376044568 0.0203125 0.06128133704735376
0 0.25390625 0.8941504178272981 0.021875 0.06128133704735376
0 0.15703125 0.7604456824512534 0.0234375 0.08635097493036212
0 0.10859375 0.2966573816155989 0.0078125 0.033426183844011144
0 0.0890625 0.2883008356545961 0.0078125 0.036211699164345405
0 0.271875 0.1991643454038997 0.00625 0.03064066852367688
0 0.26328125 0.20055710306406685 0.00625 0.025069637883008356
0 0.2546875 0.20334261838440112 0.00625 0.033426183844011144
0 0.24609375 0.20334261838440112 0.00625 0.027855153203342618
0 0.23046875 0.18384401114206128 0.00625 0.03064066852367688
0 0.225 0.2381615598885794 0.00625 0.03899721448467967
0 0.23984375 0.2298050139275766 0.0046875 0.033426183844011144
0 0.234375 0.233983286908078 0.00625 0.027855153203342618
0 0.2484375 0.24373259052924792 0.0078125 0.022284122562674095
0 0.2546875 0.233983286908078 0.00625 0.036211699164345405
0 0.21171875 0.23119777158774374 0.0046875 0.022284122562674095
0 0.20625 0.233983286908078 0.0046875 0.022284122562674095
0 0.4796875 0.20891364902506965 0.0078125 0.033426183844011144