0 0.44262499999999994 0.30468518518518517 0.009416666666666629 0.028722222222222232
0 0.46362499999999995 0.30816666666666664 0.006124999999999936 0.01864814814814816
0 0.4585 0.44053703703703695 0.013791666666666735 0.06759259259259254
0 0.4445833333333333 0.44031481481481477 0.012729166666666635 0.060592592592592594
0 0.45508333333333334 0.30859259259259253 0.006187500000000057 0.0196851851851852
0 0.4296875 0.3077222222222222 0.0121458333333333 0.022888888888888913
0 0.50390625 0.5208333333333334 0.018614583333333278 0.1007037037037037
0 0.4946249999999999 0.24305555555555555 0.00546875 0.016296296296296316
0 0.4968229166666666 0.6336851851851851 0.027114583333333366 0.14442592592592593
0 0.4572708333333333 0.7855925925925926 0.030562500000000093 0.1750185185185185
0 0.4672812499999999 0.5993888888888889 0.025218749999999977 0.13368518518518502
0 0.4965833333333333 0.7803888888888889 0.03371875000000006 0.16624074074074074
0 0.70090625 0.24535185185185185 0.005958333333333421 0.014333333333333325