0 0.87578125 0.49025069637883006 0.0125 0.0584958217270195
0 0.86484375 0.5069637883008357 0.0078125 0.03064066852367688
0 0.703125 0.3245125348189415 0.0109375 0.03899721448467967
0 0.640625 0.23259052924791088 0.0078125 0.036211699164345405
0 0.7890625 0.19498607242339833 0.009375 0.03899721448467967
0 0.64765625 0.24373259052924792 0.0078125 0.033426183844011144
0 0.54453125 0.19220055710306408 0.0078125 0.03064066852367688
0 0.76796875 0.27298050139275765 0.0109375 0.04178272980501393
0 0.72421875 0.31337047353760444 0.0125 0.052924791086350974
0 0.76875 0.31197771587743733 0.009375 0.036211699164345405
0 0.834375 0.19220055710306408 0.0109375 0.036211699164345405
0 0.675 0.20612813370473537 0.00625 0.022284122562674095
0 0.67578125 0.2479108635097493 0.009375 0.036211699164345405
0 0.7828125 0.19220055710306408 0.009375 0.03064066852367688
0 0.8046875 0.21587743732590528 0.0109375 0.03899721448467967
0 0.796875 0.20612813370473537 0.0109375 0.036211699164345405
0 0.8609375 0.21587743732590528 0.0125 0.033426183844011144
0 0.81875 0.22841225626740946 0.0125 0.03064066852367688