0 0.37109375 0.5724233983286908 0.0171875 0.052924791086350974
0 0.3640625 0.43454038997214484 0.0109375 0.05013927576601671
0 0.2796875 0.32729805013927576 0.009375 0.027855153203342618
0 0.7828125 0.9011142061281338 0.0203125 0.0584958217270195
0 0.80390625 0.924791086350975 0.021875 0.06128133704735376
0 0.89921875 0.7924791086350975 0.0234375 0.08356545961002786
0 0.94765625 0.3328690807799443 0.0078125 0.033426183844011144
0 0.9671875 0.3245125348189415 0.0078125 0.036211699164345405
0 0.78671875 0.23676880222841226 0.00625 0.03064066852367688
0 0.79453125 0.2381615598885794 0.0046875 0.025069637883008356
0 0.803125 0.24233983286908078 0.00625 0.033426183844011144
0 0.81171875 0.24094707520891365 0.00625 0.027855153203342618
0 0.82734375 0.2214484679665738 0.00625 0.03064066852367688
0 0.83203125 0.2757660167130919 0.00625 0.03899721448467967
0 0.81796875 0.26740947075208915 0.0046875 0.033426183844011144
0 0.8234375 0.27158774373259054 0.0046875 0.027855153203342618
0 0.809375 0.28133704735376047 0.0078125 0.022284122562674095
0 0.803125 0.27158774373259054 0.00625 0.036211699164345405
0 0.84609375 0.26880222841225626 0.0046875 0.022284122562674095
0 0.85078125 0.27158774373259054 0.0046875 0.022284122562674095
0 0.58046875 0.24651810584958217 0.0078125 0.033426183844011144