0 0.6171875 0.5988857938718662 0.0140625 0.03899721448467967
0 0.6078125 0.5974930362116991 0.01875 0.04178272980501393
0 0.46640625 0.7952646239554317 0.015625 0.04456824512534819
0 0.44375 0.7827298050139275 0.0171875 0.04735376044568245
0 0.4109375 0.7646239554317549 0.0171875 0.04735376044568245
0 0.40546875 0.8105849582172702 0.015625 0.04456824512534819
0 0.390625 0.8050139275766016 0.0125 0.04735376044568245
0 0.38671875 0.7771587743732591 0.0125 0.033426183844011144
0 0.36875 0.12813370473537605 0.0109375 0.033426183844011144
0 0.3765625 0.116991643454039 0.0078125 0.033426183844011144
0 0.39140625 0.11002785515320335 0.0078125 0.036211699164345405
0 0.41015625 0.12534818941504178 0.0078125 0.03064066852367688
0 0.43046875 0.10724233983286909 0.0109375 0.03899721448467967
0 0.4140625 0.10167130919220056 0.00625 0.033426183844011144
0 0.48203125 0.001392757660167131 0.0046875 0.002785515320334262
0 0.834375 0.21448467966573817 0.0109375 0.03064066852367688
0 0.9890625 0.25069637883008355 0.015625 0.036211699164345405
0 0.740625 0.24094707520891365 0.009375 0.025069637883008356