0 0.5175808823529412 0.0797516339869281 0.0035955882352942227 0.012862745098039221
0 0.41259558823529413 0.289281045751634 0.006904411764705997 0.02669281045751638
0 0.2893088235294118 0.32096732026143787 0.007066176470588203 0.030549019607843144
0 0.20580882352941177 0.4644052287581699 0.008514705882353013 0.04039215686274499
0 0.34301470588235294 0.21159477124183007 0.004330882352941145 0.02244444444444448
0 0.27856617647058823 0.1470326797385621 0.004485294117647065 0.020614379084967323
0 0.4128382352941177 0.21321568627450982 0.004625000000000057 0.021516339869281056
0 0.6381838235294117 0.5559869281045752 0.00912500000000005 0.04518954248366024
0 0.21008088235294115 0.6433202614379085 0.006301470588235336 0.035477124183006484
0 0.6358676470588235 0.3955424836601307 0.006257352941176464 0.021137254901960667
0 0.6158382352941176 0.35771241830065353 0.006257352941176464 0.021137254901960705
0 0.7313088235294118 0.3204313725490196 0.004382352941176571 0.015581699346405268
0 0.27191176470588235 0.14469281045751634 0.0028308823529411774 0.01728104575163398