0 0.4609375 0.07381615598885793 0.0046875 0.013927576601671309
0 0.58125 0.26880222841225626 0.009375 0.027855153203342618
0 0.709375 0.27715877437325903 0.009375 0.033426183844011144
0 0.803125 0.40807799442896936 0.0109375 0.04178272980501393
0 0.64765625 0.17548746518105848 0.00625 0.025069637883008356
0 0.709375 0.09610027855153204 0.00625 0.022284122562674095
0 0.5765625 0.19080779944289694 0.00625 0.022284122562674095
0 0.3671875 0.584958217270195 0.0125 0.04735376044568245
0 0.809375 0.5919220055710307 0.0078125 0.036211699164345405
0 0.359375 0.4192200557103064 0.0078125 0.022284122562674095
0 0.37734375 0.3774373259052925 0.0078125 0.022284122562674095
0 0.2578125 0.3607242339832869 0.0046875 0.016713091922005572
0 0.71640625 0.09331476323119778 0.0046875 0.019498607242339833