0 0.7602573529411765 0.2651895424836601 0.00864705882352954 0.03792156862745099
0 0.5195294117647058 0.3161830065359477 0.008779411764705891 0.039555555555555504
0 0.5581029411764706 0.37218300653594777 0.011507352941176486 0.05252287581699338
0 0.4399411764705882 0.23915032679738563 0.011330882352941173 0.032339869281045784
0 0.4663088235294118 0.21907189542483657 0.009088235294117553 0.033477124183006565
0 0.5087867647058824 0.22742483660130716 0.009058823529411697 0.039307189542483675
0 0.5205073529411764 0.39236601307189545 0.006955882352941245 0.03444444444444454
0 0.5776397058823529 0.38911111111111113 0.008573529411764725 0.03160784313725489
0 0.6127941176470588 0.2573725490196078 0.005955882352941089 0.028941176470588203
0 0.6147426470588234 0.301437908496732 0.008647058823529364 0.0393856209150327
0 0.5703161764705882 0.33355555555555555 0.008154411764705749 0.029947712418300652
0 0.5844705882352941 0.2951372549019608 0.009676470588235375 0.039307189542483675
0 0.17248529411764707 0.19466666666666665 0.007485294117647046 0.0371895424836601
0 0.21521323529411762 0.22895424836601308 0.008985294117647058 0.040692810457516354
0 0.4763161764705882 0.25650980392156864 0.01020588235294131 0.038052287581699394
0 0.4355441176470588 0.6137124183006536 0.008066176470588183 0.03539869281045753
0 0.20386029411764706 0.262797385620915 0.009124999999999961 0.035542483660130686
0 0.5151397058823529 0.2354640522875817 0.011294117647058677 0.03227450980392158
0 0.11163235294117646 0.14105882352941176 0.009411764705882364 0.027111111111111124
0 0.4223602941176471 0.6028627450980392 0.011374999999999958 0.06168627450980387
0 0.09301470588235294 0.21452287581699347 0.007374999999999998 0.0222745098039216
0 0.5371102941176471 0.26062745098039214 0.009595588235294095 0.03160784313725489
0 0.5595735294117647 0.3795555555555556 0.00916176470588237 0.0306535947712419
0 0.5786102941176471 0.3973464052287582 0.007147058823529484 0.018718954248366042
0 0.4494632352941176 0.07177777777777777 0.0047352941176470155 0.023058823529411753
0 0.14428676470588236 0.2164705882352941 0.0069852941176470566 0.03559477124183006
0 0.5023897058823529 0.24588235294117647 0.009661764705882448 0.035398692810457454
0 0.4945661764705882 0.25223529411764706 0.009470588235294208 0.04124183006535947