0 0.54296875 0.275 0.0109375 0.03333333333333333
0 0.51953125 0.28194444444444444 0.0078125 0.022222222222222223
0 0.53125 0.425 0.0171875 0.075
0 0.54609375 0.4222222222222222 0.0171875 0.06666666666666667
0 0.52890625 0.28055555555555556 0.0078125 0.022222222222222223
0 0.55703125 0.2763888888888889 0.0140625 0.027777777777777776
0 0.48515625 0.5180555555555556 0.025 0.1111111111111111
0 0.48359375 0.21388888888888888 0.00625 0.019444444444444445
0 0.49765625 0.6402777777777777 0.0359375 0.16111111111111112
0 0.546875 0.8013888888888889 0.040625 0.19444444444444445
0 0.528125 0.6 0.0328125 0.15
0 0.50390625 0.8013888888888889 0.04375 0.18611111111111112
0 0.25859375 0.24444444444444444 0.0078125 0.016666666666666666