0 0.42421875 0.30919220055710306 0.0109375 0.03064066852367688
0 0.44609375 0.31058495821727017 0.00625 0.019498607242339833
0 0.44609375 0.44707520891364905 0.0171875 0.06963788300835655
0 0.43125 0.44846796657381616 0.015625 0.06406685236768803
0 0.43671875 0.31197771587743733 0.0078125 0.022284122562674095
0 0.4109375 0.3147632311977716 0.0140625 0.025069637883008356
0 0.4953125 0.5222841225626741 0.0234375 0.10584958217270195
0 0.475 0.2395543175487465 0.00625 0.016713091922005572
0 0.49296875 0.6392757660167131 0.0328125 0.15041782729805014
0 0.45859375 0.7994428969359332 0.0375 0.18384401114206128
0 0.4609375 0.6072423398328691 0.03125 0.1392757660167131
0 0.4984375 0.7883008356545961 0.040625 0.17548746518105848
0 0.68515625 0.21587743732590528 0.00625 0.016713091922005572