0 0.7125 0.4027777777777778 0.0203125 0.058333333333333334
0 0.67265625 0.45555555555555555 0.0140625 0.05555555555555555
0 0.6671875 0.42777777777777776 0.0140625 0.058333333333333334
0 0.675 0.4041666666666667 0.0140625 0.058333333333333334
0 0.01484375 0.5708333333333333 0.0296875 0.06666666666666667
0 0.11875 0.7013888888888888 0.0296875 0.06388888888888888
0 0.190625 0.33194444444444443 0.015625 0.05
0 0.2015625 0.3416666666666667 0.0125 0.03888888888888889
0 0.26328125 0.25 0.021875 0.041666666666666664
0 0.22421875 0.2513888888888889 0.0140625 0.03611111111111111
0 0.23046875 0.2625 0.015625 0.044444444444444446
0 0.72890625 0.20277777777777778 0.009375 0.016666666666666666
0 0.81953125 0.19166666666666668 0.0078125 0.016666666666666666
0 0.61484375 0.14027777777777778 0.0078125 0.011111111111111112