0 0.46015625 0.07242339832869081 0.0046875 0.013927576601671309
0 0.57578125 0.3022284122562674 0.0078125 0.03064066852367688
0 0.7109375 0.3370473537604457 0.0078125 0.033426183844011144
0 0.803125 0.4958217270194986 0.009375 0.04456824512534819
0 0.65234375 0.21727019498607242 0.0046875 0.025069637883008356
0 0.7234375 0.14623955431754876 0.0046875 0.022284122562674095
0 0.57578125 0.21866295264623956 0.0046875 0.025069637883008356
0 0.328125 0.596100278551532 0.009375 0.05013927576601671
0 0.7984375 0.692200557103064 0.00625 0.03899721448467967
0 0.33046875 0.4192200557103064 0.00625 0.022284122562674095
0 0.35234375 0.3788300835654596 0.00625 0.022284122562674095
0 0.22578125 0.3370473537604457 0.0046875 0.016713091922005572
0 0.73046875 0.14345403899721448 0.003125 0.019498607242339833