0 0.7515625 0.23119777158774374 0.0109375 0.03899721448467967
0 0.509375 0.31337047353760444 0.0109375 0.04178272980501393
0 0.55078125 0.36629526462395545 0.0140625 0.055710306406685235
0 0.42578125 0.24512534818941503 0.0125 0.033426183844011144
0 0.4515625 0.2214484679665738 0.0109375 0.036211699164345405
0 0.4953125 0.22562674094707522 0.0109375 0.04178272980501393
0 0.51328125 0.39136490250696376 0.0078125 0.036211699164345405
0 0.57109375 0.3802228412256267 0.009375 0.033426183844011144
0 0.6015625 0.24233983286908078 0.0078125 0.03064066852367688
0 0.60546875 0.28690807799442897 0.0109375 0.04178272980501393
0 0.56171875 0.32590529247910865 0.009375 0.03064066852367688
0 0.575 0.2841225626740947 0.0109375 0.04178272980501393
0 0.153125 0.233983286908078 0.009375 0.03899721448467967
0 0.19765625 0.26323119777158777 0.0109375 0.04178272980501393
0 0.46328125 0.2590529247910863 0.0125 0.03899721448467967
0 0.4359375 0.6267409470752089 0.009375 0.036211699164345405
0 0.1875 0.2994428969359331 0.0109375 0.036211699164345405
0 0.5015625 0.23259052924791088 0.0125 0.033426183844011144
0 0.0890625 0.18802228412256267 0.0109375 0.027855153203342618
0 0.42265625 0.6183844011142061 0.0140625 0.06406685236768803
0 0.0734375 0.2646239554317549 0.0078125 0.022284122562674095
0 0.525 0.25487465181058494 0.0109375 0.033426183844011144
0 0.553125 0.3732590529247911 0.0109375 0.033426183844011144
0 0.57265625 0.38857938718662954 0.0078125 0.019498607242339833
0 0.42890625 0.07381615598885793 0.00625 0.025069637883008356
0 0.125 0.2604456824512535 0.0078125 0.036211699164345405
0 0.4890625 0.24512534818941503 0.0109375 0.036211699164345405
0 0.48203125 0.2520891364902507 0.0109375 0.04178272980501393