0 0.82890625 0.5194986072423399 0.0140625 0.0584958217270195
0 0.8171875 0.5348189415041783 0.009375 0.03064066852367688
0 0.66328125 0.32590529247910865 0.0125 0.04178272980501393
0 0.60546875 0.22423398328690808 0.009375 0.036211699164345405
0 0.75703125 0.20891364902506965 0.0109375 0.03899721448467967
0 0.61171875 0.23537604456824512 0.009375 0.033426183844011144
0 0.5109375 0.16852367688022285 0.0078125 0.03064066852367688
0 0.73125 0.28551532033426186 0.0125 0.04178272980501393
0 0.6859375 0.318941504178273 0.0140625 0.052924791086350974
0 0.73046875 0.3231197771587744 0.0109375 0.036211699164345405
0 0.80234375 0.21309192200557103 0.0125 0.03899721448467967
0 0.64140625 0.20334261838440112 0.0078125 0.025069637883008356
0 0.640625 0.24512534818941503 0.0109375 0.03899721448467967
0 0.75078125 0.20473537604456823 0.009375 0.03064066852367688
0 0.77109375 0.23259052924791088 0.0125 0.04178272980501393
0 0.7640625 0.22284122562674094 0.0125 0.036211699164345405
0 0.82734375 0.24094707520891365 0.0140625 0.036211699164345405
0 0.784375 0.2479108635097493 0.0140625 0.033426183844011144