0 0.6953125 0.3412256267409471 0.01875 0.06128133704735376
0 0.65625 0.4052924791086351 0.0125 0.0584958217270195
0 0.64921875 0.37604456824512533 0.0125 0.06128133704735376
0 0.65546875 0.34958217270194986 0.0109375 0.06128133704735376
0 0.0828125 0.7562674094707521 0.028125 0.06406685236768803
0 0.13984375 0.35376044568245124 0.0140625 0.05013927576601671
0 0.15234375 0.3607242339832869 0.0109375 0.03899721448467967
0 0.2125 0.25348189415041783 0.021875 0.04178272980501393
0 0.171875 0.2618384401114206 0.0140625 0.036211699164345405
0 0.17890625 0.27298050139275765 0.0140625 0.04456824512534819
0 0.70234375 0.12813370473537605 0.009375 0.016713091922005572
0 0.79765625 0.10027855153203342 0.0078125 0.016713091922005572
0 0.57890625 0.0807799442896936 0.0078125 0.011142061281337047