0 0.38828125 0.10306406685236769 0.0046875 0.016713091922005572
0 0.2546875 0.15877437325905291 0.0046875 0.011142061281337047
0 0.25703125 0.15041782729805014 0.0078125 0.011142061281337047
0 0.21640625 0.18245125348189414 0.0078125 0.011142061281337047
0 0.140625 0.1894150417827298 0.0046875 0.008356545961002786
0 0.109375 0.1713091922005571 0.00625 0.011142061281337047
0 0.1484375 0.13649025069637882 0.00625 0.011142061281337047
0 0.15546875 0.12395543175487465 0.0078125 0.013927576601671309
0 0.02109375 0.18523676880222842 0.00625 0.011142061281337047
0 0.4265625 0.8899721448467967 0.00625 0.013927576601671309
0 0.4203125 0.8899721448467967 0.0046875 0.013927576601671309
0 0.6140625 0.8467966573816156 0.0046875 0.008356545961002786
0 0.61796875 0.8384401114206128 0.0046875 0.011142061281337047
0 0.59765625 0.7325905292479109 0.0046875 0.011142061281337047
0 0.5375 0.37604456824512533 0.003125 0.011142061281337047
0 0.53359375 0.383008356545961 0.003125 0.008356545961002786
0 0.52890625 0.38579387186629527 0.0046875 0.008356545961002786
0 0.50859375 0.27158774373259054 0.0046875 0.011142061281337047
0 0.746875 0.16016713091922005 0.00625 0.011142061281337047
0 0.9859375 0.6323119777158774 0.0078125 0.013927576601671309