0 0.28652142857142854 0.6092380952380954 0.02748571428571429 0.019638095238095114
0 0.3219642857142857 0.5823714285714287 0.02272857142857143 0.023761904761904873
0 0.46765 0.27864761904761903 0.02024999999999988 0.027990476190476194
0 0.5292285714285714 0.3989428571428571 0.013228571428571456 0.03217142857142849
0 0.6033142857142857 0.3030380952380953 0.013842857142857134 0.032133333333333285
0 0.6372071428571429 0.2756857142857143 0.015914285714285725 0.031161904761904797
0 0.5963428571428572 0.11979999999999999 0.016635714285714264 0.04094285714285713
0 0.5643642857142857 0.10360952380952382 0.017771428571428594 0.03253333333333333
0 0.6398428571428572 0.16713333333333333 0.023042857142857188 0.032285714285714265
0 0.6855642857142856 0.20799047619047617 0.014671428571428535 0.01893333333333332
0 0.6818428571428572 0.2432 0.012192857142857071 0.02570476190476191
0 0.6890785714285714 0.25518095238095234 0.01673571428571439 0.0314952380952381
0 0.7122714285714286 0.2314857142857143 0.011678571428571339 0.028723809523809506
0 0.8957642857142856 0.2806476190476191 0.02825714285714298 0.039238095238095266
0 0.6744785714285715 0.7550857142857142 0.018399999999999927 0.03024761904761893