0 0.5883785714285714 0.1172952380952381 0.005685714285714382 0.025688888888888862
0 0.5961928571428571 0.12228571428571428 0.006585714285714239 0.027314285714285683
0 0.5532071428571428 0.8840634920634921 0.010657142857142966 0.014234920634920753
0 0.547092857142857 0.8969904761904762 0.006928571428571395 0.012660317460317413
0 0.5596857142857142 0.9099682539682539 0.006928571428571395 0.01845079365079351
0 0.5784285714285714 0.9255619047619048 0.00724285714285724 0.011542857142856949
0 0.5858285714285714 0.9339555555555555 0.0056714285714285495 0.016025396825396696
0 0.5775357142857143 0.9560380952380951 0.007978571428571436 0.02154920634920643
0 0.45187142857142854 0.16647619047619047 0.007249999999999979 0.02772063492063492
0 0.3446214285714286 0.2622603174603174 0.008271428571428619 0.023619047619047647
0 0.34964285714285714 0.013333333333333332 0.006428571428571406 0.026666666666666665
0 0.5934142857142857 0.12685714285714286 0.0065500000000000115 0.0225142857142857