0 0.79296875 0.6991643454038997 0.009375 0.036211699164345405
0 0.95234375 0.6267409470752089 0.009375 0.033426183844011144
0 0.6796875 0.6894150417827298 0.009375 0.036211699164345405
0 0.7953125 0.6963788300835655 0.0078125 0.03064066852367688
0 0.8375 0.7325905292479109 0.0125 0.033426183844011144
0 0.9703125 0.6183844011142061 0.0125 0.03064066852367688
0 0.95703125 0.5027855153203342 0.0109375 0.027855153203342618
0 0.66796875 0.41643454038997213 0.00625 0.03064066852367688
0 0.678125 0.8022284122562674 0.0109375 0.027855153203342618
0 0.69140625 0.8899721448467967 0.0109375 0.022284122562674095
0 0.69375 0.903899721448468 0.0109375 0.019498607242339833
0 0.69140625 0.9206128133704735 0.0125 0.022284122562674095