0 0.41875 0.08958333333333333 0.01875 0.04583333333333333
0 0.29375 0.20416666666666666 0.021875 0.05416666666666667
0 0.753125 0.04479166666666667 0.0203125 0.04375
0 0.603125 0.725 0.0234375 0.05416666666666667
0 0.41875 0.24583333333333332 0.01875 0.04791666666666667
0 0.4359375 0.2 0.0171875 0.04375
0 0.2484375 0.1625 0.0171875 0.05625
0 0.22578125 0.190625 0.0265625 0.0625
0 0.3140625 0.03958333333333333 0.0109375 0.05
0 0.3140625 0.06666666666666667 0.0109375 0.03958333333333333
0 0.325 0.040625 0.0109375 0.035416666666666666