0 0.7375 0.6270833333333333 0.0296875 0.022916666666666665
0 0.7015625 0.596875 0.025 0.027083333333333334
0 0.559375 0.2635416666666667 0.021875 0.03125
0 0.4890625 0.38645833333333335 0.015625 0.035416666666666666
0 0.41484375 0.28020833333333334 0.015625 0.035416666666666666
0 0.38046875 0.24791666666666667 0.01875 0.03333333333333333
0 0.4296875 0.08645833333333333 0.01875 0.04375
0 0.4640625 0.071875 0.0203125 0.035416666666666666
0 0.38203125 0.13333333333333333 0.025 0.035416666666666666
0 0.33203125 0.17291666666666666 0.015625 0.020833333333333332
0 0.334375 0.21041666666666667 0.0140625 0.029166666666666667
0 0.32578125 0.22291666666666668 0.01875 0.035416666666666666
0 0.30234375 0.19583333333333333 0.0140625 0.03125
0 0.10625 0.234375 0.03125 0.04375
0 0.3203125 0.753125 0.0203125 0.03333333333333333