0 0.5893571428571429 0.41243809523809527 0.016278571428571455 0.030047619047619042
0 0.19365000000000002 0.6873047619047619 0.022221428571428593 0.02645714285714291
0 0.29405000000000003 0.863495238095238 0.016664285714285753 0.025400000000000016
0 0.36944285714285713 0.8560857142857142 0.00555714285714286 0.025400000000000016
0 0.36587142857142857 0.8380952380952381 0.009521428571428547 0.02751428571428581
0 0.38174285714285716 0.8534380952380952 0.009521428571428547 0.02645714285714291
0 0.6695642857142856 0.42774285714285715 0.01307857142857145 0.024838095238095312
0 0.6693642857142856 0.40978095238095236 0.012678571428571494 0.023780952380952413
0 0.6273571428571427 0.37332380952380956 0.011885714285714322 0.02695238095238087
0 0.83205 0.3202190476190477 0.0075285714285712405 0.017961904761904773
0 0.8373999999999999 0.317047619047619 0.007135714285714201 0.01479999999999997
0 0.9620357142857141 0.24677142857142856 0.010699999999999932 0.021133333333333344
0 0.9707571428571429 0.23963809523809523 0.006735714285714067 0.01638095238095237
0 0.8205571428571428 0.252047619047619 0.013871428571428623 0.025361904761904756
0 0.7105785714285713 0.3358 0.00951428571428572 0.022723809523809518
0 0.7143428571428572 0.3408285714285714 0.006735714285714245 0.01479999999999997
0 0.20449285714285717 0.39287619047619043 0.011099999999999976 0.015323809523809592
0 0.18547142857142856 0.3986857142857143 0.01585000000000001 0.024838095238095312
0 0.13890714285714284 0.2908857142857143 0.01387142857142858 0.02695238095238087
0 0.030914285714285717 0.3574666666666666 0.017435714285714284 0.029066666666666664