0 0.58671875 0.47286012526096033 0.0078125 0.022964509394572025
0 0.65390625 0.4791231732776618 0.00625 0.016701461377870562
0 0.58515625 0.4394572025052192 0.00625 0.014613778705636743
0 0.715625 0.4279749478079332 0.00625 0.014613778705636743
0 0.6890625 0.4331941544885177 0.00625 0.014613778705636743
0 0.67109375 0.40396659707724425 0.00625 0.018789144050104383
0 0.55703125 0.4582463465553236 0.0078125 0.016701461377870562
0 0.7109375 0.35073068893528186 0.00625 0.014613778705636743
0 0.72265625 0.4290187891440501 0.00625 0.018789144050104383
0 0.6390625 0.4175365344467641 0.00625 0.020876826722338204
0 0.60078125 0.3903966597077244 0.0078125 0.014613778705636743
0 0.68515625 0.3862212943632568 0.00625 0.014613778705636743
0 0.6984375 0.40187891440501045 0.00625 0.012526096033402923
0 0.56328125 0.2755741127348643 0.00625 0.012526096033402923
0 0.5375 0.4363256784968685 0.00625 0.010438413361169102
0 0.359375 0.24947807933194155 0.0046875 0.012526096033402923
0 0.0265625 0.027139874739039668 0.00625 0.008350730688935281
0 0.6578125 0.4133611691022965 0.00625 0.016701461377870562
0 0.515625 0.27035490605427975 0.00625 0.010438413361169102
0 0.3515625 0.25260960334029225 0.003125 0.010438413361169102
0 0.35546875 0.255741127348643 0.003125 0.008350730688935281