0 0.86484375 0.0625 0.03125 0.03333333333333333
0 0.67421875 0.58125 0.0203125 0.03125
0 0.6515625 0.5854166666666667 0.0234375 0.035416666666666666
0 0.66875 0.6072916666666667 0.0359375 0.029166666666666667
0 0.58984375 0.54375 0.0171875 0.052083333333333336
0 0.59609375 0.6333333333333333 0.0265625 0.041666666666666664
0 0.52890625 0.671875 0.028125 0.03958333333333333
0 0.50703125 0.6729166666666667 0.021875 0.029166666666666667
0 0.50625 0.6395833333333333 0.0234375 0.035416666666666666
0 0.4859375 0.6375 0.01875 0.0375
0 0.28203125 0.7177083333333333 0.0203125 0.03333333333333333
0 0.29609375 0.6791666666666667 0.01875 0.0375
0 0.28828125 0.6510416666666666 0.028125 0.04375
0 0.2734375 0.6322916666666667 0.025 0.041666666666666664
0 0.2515625 0.665625 0.028125 0.0375
0 0.25078125 0.6864583333333333 0.046875 0.04375
0 0.2109375 0.5760416666666667 0.0203125 0.03958333333333333
0 0.190625 0.5520833333333334 0.0296875 0.035416666666666666