0 0.16528183716075157 0.6510415216887033 0.024232776617954067 0.08539086058919042
0 0.1536847599164927 0.565975411737416 0.014060542797494824 0.07524936209696118
0 0.4230949895615866 0.8099002551612154 0.023423799582463545 0.05913245186731615
0 0.4313987473903966 0.6519137091162144 0.014786012526096038 0.04443516585479017
0 0.4357933194154488 0.6197912317327766 0.015250521920668092 0.07139874739039666
0 0.9140605427974947 0.8546045001159824 0.024519832985386358 0.03985154256552998
0 0.6699217118997912 0.3962700069589422 0.013533402922755577 0.04502899559266985
0 0.02148225469728601 0.7608536302482023 0.021576200417536533 0.06038506147065637
0 0.6494519832985386 0.38390164694966367 0.00929018789144056 0.01508698677800974
0 0.49491649269311067 0.555917420552076 0.01939457202505217 0.04596613314776145
0 0.6654697286012526 0.38027371839480395 0.004117954070981078 0.01939225237763856
0 0.6620772442588726 0.38447691950823476 0.003084551148225323 0.010243562978427196