0 0.3605928571428571 0.49479047619047617 0.00555714285714286 0.012399999999999996
0 0.3989285714285714 0.5566380952380953 0.005642857142857194 0.015342857142857014
0 0.3823214285714286 0.5205047619047618 0.004278571428571442 0.013657142857142783
0 0.3343714285714286 0.49602857142857143 0.003442857142857214 0.014438095238095272
0 0.34864285714285714 0.47765714285714284 0.004428571428571448 0.013123809523809508
0 0.33228571428571424 0.4792952380952381 0.005164285714285732 0.015095238095238155
0 0.2631428571428571 0.46830476190476195 0.0041857142857143256 0.012142857142857129
0 0.4047428571428571 0.5019333333333332 0.0034428571428570367 0.013123809523809508
0 0.41286428571428574 0.5111142857142856 0.005414285714285682 0.010495238095238097
0 0.41002857142857135 0.4961904761904762 0.0032000000000000028 0.012142857142857129
0 0.4081857142857143 0.48864761904761905 0.001971428571428646 0.005580952380952316
0 0.40745 0.47798095238095234 0.003935714285714198 0.013123809523809508
0 0.41987142857142856 0.4901238095238095 0.0036928571428571644 0.012466666666666626
0 0.4236857142857143 0.49700952380952385 0.001971428571428646 0.009838095238095217
0 0.4263928571428572 0.49700952380952385 0.001971428571428646 0.010495238095238097
0 0.4316857142857143 0.5042285714285715 0.002707142857142841 0.009838095238095217
0 0.4302071428571428 0.4948761904761904 0.00221428571428568 0.010171428571428602
0 0.43303571428571425 0.49421904761904756 0.001971428571428646 0.008199999999999956
0 0.4523499999999999 0.32625714285714286 0.00221428571428568 0.010171428571428482
0 0.4576428571428572 0.32526666666666665 0.001478571428571307 0.008857142857142838