0 0.7875 0.4582172701949861 0.0140625 0.04178272980501393
0 0.72265625 0.4331476323119777 0.009375 0.036211699164345405
0 0.7671875 0.4373259052924791 0.0078125 0.03064066852367688
0 0.4515625 0.6044568245125348 0.0109375 0.04735376044568245
0 0.9171875 0.48885793871866295 0.015625 0.04456824512534819
0 0.74296875 0.4568245125348189 0.0140625 0.033426183844011144
0 0.86484375 0.12395543175487465 0.0046875 0.019498607242339833
0 0.4328125 0.6016713091922006 0.009375 0.033426183844011144
0 0.84375 0.13788300835654596 0.00625 0.025069637883008356
0 0.86484375 0.15181058495821728 0.0046875 0.016713091922005572
0 0.49140625 0.3328690807799443 0.0078125 0.03064066852367688
0 0.82578125 0.479108635097493 0.015625 0.03064066852367688
0 0.4453125 0.5710306406685237 0.0140625 0.03899721448467967
0 0.43671875 0.6086350974930362 0.0109375 0.027855153203342618
0 0.79140625 0.44707520891364905 0.00625 0.016713091922005572
0 0.48515625 0.32172701949860727 0.003125 0.013927576601671309
0 0.48046875 0.3328690807799443 0.00625 0.033426183844011144