0 0.19765625 0.4875 0.0078125 0.016666666666666666
0 0.028125 0.5895833333333333 0.00625 0.016666666666666666
0 0.2171875 0.46145833333333336 0.00625 0.014583333333333334
0 0.20859375 0.48854166666666665 0.0078125 0.016666666666666666
0 0.53046875 0.8072916666666666 0.0078125 0.020833333333333332
0 0.534375 0.728125 0.0078125 0.01875
0 0.59453125 0.7645833333333333 0.0078125 0.01875
0 0.51796875 0.8322916666666667 0.00625 0.020833333333333332
0 0.21015625 0.4666666666666667 0.0078125 0.016666666666666666
0 0.54453125 0.7895833333333333 0.009375 0.01875
0 0.0953125 0.5125 0.0078125 0.014583333333333334
0 0.4953125 0.865625 0.0078125 0.020833333333333332
0 0.51875 0.4395833333333333 0.0078125 0.010416666666666666
0 0.70234375 0.41041666666666665 0.0078125 0.014583333333333334
0 0.08671875 0.5125 0.00625 0.010416666666666666
0 0.58046875 0.43645833333333334 0.00625 0.008333333333333333
0 0.5796875 0.44375 0.00625 0.010416666666666666
0 0.496875 0.7666666666666667 0.00625 0.016666666666666666