0 0.11484375 0.6347222222222222 0.0296875 0.09166666666666666
0 0.10625 0.5430555555555555 0.0171875 0.08055555555555556
0 0.3796875 0.8361111111111111 0.0265625 0.06666666666666667
0 0.39453125 0.6708333333333333 0.0171875 0.05
0 0.40078125 0.6375 0.01875 0.07777777777777778
0 0.89453125 0.9472222222222222 0.028125 0.044444444444444446
0 0.65625 0.43194444444444446 0.015625 0.05
0 0.63515625 0.4166666666666667 0.0109375 0.016666666666666666
0 0.465625 0.5777777777777777 0.021875 0.05
0 0.65234375 0.4152777777777778 0.0046875 0.022222222222222223
0 0.6484375 0.41944444444444445 0.003125 0.011111111111111112