0 0.62890625 0.511482254697286 0.00625 0.012526096033402923
0 0.58671875 0.5741127348643006 0.00625 0.016701461377870562
0 0.60546875 0.5375782881002088 0.0046875 0.014613778705636743
0 0.65625 0.5135699373695198 0.0046875 0.014613778705636743
0 0.6421875 0.49373695198329853 0.0046875 0.014613778705636743
0 0.65859375 0.4968684759916493 0.00625 0.016701461377870562
0 0.73203125 0.48851774530271397 0.0046875 0.012526096033402923
0 0.58203125 0.5167014613778705 0.0046875 0.014613778705636743
0 0.5734375 0.5260960334029228 0.00625 0.010438413361169102
0 0.57734375 0.5104384133611691 0.003125 0.012526096033402923
0 0.57890625 0.5020876826722338 0.0015625 0.006263048016701462
0 0.58046875 0.49164926931106473 0.0046875 0.014613778705636743
0 0.5671875 0.5031315240083507 0.0046875 0.012526096033402923
0 0.5625 0.5104384133611691 0.0015625 0.010438413361169102
0 0.56015625 0.5104384133611691 0.003125 0.010438413361169102
0 0.55390625 0.5177453027139874 0.003125 0.010438413361169102
0 0.55546875 0.5083507306889353 0.003125 0.010438413361169102
0 0.553125 0.5073068893528184 0.0015625 0.008350730688935281
0 0.5375 0.3298538622129436 0.003125 0.010438413361169102
0 0.53203125 0.3288100208768267 0.0015625 0.008350730688935281