0 0.57734375 0.24375 0.015625 0.04583333333333333
0 0.81171875 0.215625 0.015625 0.03958333333333333
0 0.86015625 0.21041666666666667 0.015625 0.041666666666666664
0 0.840625 0.19375 0.0140625 0.04375
0 0.78984375 0.45416666666666666 0.015625 0.035416666666666666
0 0.7609375 0.44895833333333335 0.0140625 0.025
0 0.6953125 0.425 0.0125 0.025
0 0.696875 0.44583333333333336 0.0140625 0.022916666666666665
0 0.68125 0.44166666666666665 0.01875 0.029166666666666667
0 0.66640625 0.434375 0.0140625 0.020833333333333332
0 0.65546875 0.4166666666666667 0.015625 0.020833333333333332
0 0.68515625 0.4166666666666667 0.0125 0.027083333333333334
0 0.5640625 0.5072916666666667 0.0125 0.025
0 0.5515625 0.5135416666666667 0.0109375 0.027083333333333334
0 0.53984375 0.49270833333333336 0.015625 0.03333333333333333
0 0.52734375 0.5083333333333333 0.0125 0.029166666666666667
0 0.540625 0.5916666666666667 0.0171875 0.03125
0 0.52109375 0.5822916666666667 0.0125 0.04791666666666667
0 0.4640625 0.596875 0.0171875 0.0375
0 0.44296875 0.5885416666666666 0.0234375 0.025
0 0.4484375 0.6072916666666667 0.0171875 0.020833333333333332
0 0.6578125 0.17083333333333334 0.0109375 0.03958333333333333
0 0.47578125 0.17916666666666667 0.0078125 0.035416666666666666