0 0.39140625 0.125 0.0078125 0.027777777777777776
0 0.38359375 0.13055555555555556 0.0078125 0.027777777777777776
0 0.465625 0.9 0.0109375 0.016666666666666666
0 0.47265625 0.9125 0.0078125 0.013888888888888888
0 0.46015625 0.9277777777777778 0.0078125 0.019444444444444445
0 0.4421875 0.9458333333333333 0.0078125 0.013888888888888888
0 0.43515625 0.9555555555555556 0.00625 0.016666666666666666
0 0.44453125 0.9763888888888889 0.009375 0.022222222222222223
0 0.5328125 0.1527777777777778 0.009375 0.030555555555555555
0 0.646875 0.23333333333333334 0.009375 0.025
0 0.38671875 0.13472222222222222 0.0078125 0.025