0 0.23984375 0.46657381615598886 0.0125 0.036211699164345405
0 0.25859375 0.45264623955431754 0.0203125 0.07242339832869081
0 0.35625 0.4623955431754875 0.025 0.08356545961002786
0 0.3765625 0.4805013927576602 0.0125 0.03064066852367688
0 0.42421875 0.4805013927576602 0.0203125 0.06406685236768803
0 0.59921875 0.4637883008356546 0.028125 0.04456824512534819
0 0.6578125 0.4805013927576602 0.034375 0.06963788300835655
0 0.7625 0.4331476323119777 0.01875 0.06128133704735376
0 0.7390625 0.4456824512534819 0.0109375 0.04456824512534819
0 0.71640625 0.41643454038997213 0.025 0.04456824512534819
0 0.98828125 0.4568245125348189 0.021875 0.06128133704735376