0 0.4625 0.628133704735376 0.0140625 0.06685236768802229
0 0.496875 0.6323119777158774 0.0171875 0.06128133704735376
0 0.48046875 0.6323119777158774 0.015625 0.0584958217270195
0 0.51015625 0.6476323119777159 0.0125 0.052924791086350974
0 0.5375 0.6545961002785515 0.0125 0.04456824512534819
0 0.796875 0.40668523676880225 0.00625 0.022284122562674095
0 0.75078125 0.5863509749303621 0.0078125 0.022284122562674095
0 0.74375 0.5863509749303621 0.0078125 0.027855153203342618
0 0.5 0.616991643454039 0.009375 0.027855153203342618
0 0.775 0.3997214484679666 0.003125 0.013927576601671309
0 0.784375 0.4025069637883008 0.0046875 0.016713091922005572
0 0.74453125 0.3328690807799443 0.0046875 0.016713091922005572
0 0.75546875 0.3370473537604457 0.00625 0.016713091922005572
0 0.76171875 0.3384401114206128 0.00625 0.016713091922005572
0 0.70234375 0.31337047353760444 0.0046875 0.013927576601671309
0 0.7125 0.3161559888579387 0.009375 0.019498607242339833
0 0.75703125 0.34818941504178275 0.0078125 0.019498607242339833
0 0.621875 0.27019498607242337 0.0046875 0.016713091922005572
0 0.4796875 0.6128133704735376 0.009375 0.013927576601671309
0 0.52890625 0.2785515320334262 0.00625 0.016713091922005572
0 0.7453125 0.6030640668523677 0.0140625 0.05013927576601671
0 0.64765625 0.28551532033426186 0.0046875 0.011142061281337047
0 0.6453125 0.2841225626740947 0.0046875 0.013927576601671309
0 0.6265625 0.27298050139275765 0.00625 0.016713091922005572
0 0.675 0.29526462395543174 0.0046875 0.019498607242339833