0 0.18041753653444675 0.5360241243331014 0.013956158663883089 0.03277197865924377
0 0.15063674321503132 0.5603340292275574 0.012379958246346589 0.03656692182788217
0 0.7763674321503131 0.7122430990489446 0.01483820459290186 0.05392716307121306
0 0.46801670146137786 0.634544189283229 0.012526096033403 0.04061238691718864
0 0.46435803757828814 0.49783344931570395 0.009519832985386145 0.03342147993504988
0 0.42529227557411275 0.5394943168638368 0.011289144050104482 0.026694502435629708
0 0.6010751565762005 0.687497100440733 0.015130480167014505 0.04904662491301311
0 0.9057620041753653 0.28992809093017863 0.0065396659707726455 0.023966597077244325
0 0.6928705636743214 0.5516492693110647 0.009744258872651379 0.028160519601020596
0 0.8613256784968684 0.15017397355601947 0.004248434237995724 0.012414752957550432
0 0.415678496868476 0.5587102760380422 0.007411273486430048 0.02353050336348872
0 0.4281263048016701 0.5996659707724425 0.010062630480167024 0.03576896311760609