0 0.46911273486430066 0.6395731848758989 0.016289144050104377 0.08379494316863827
0 0.4977035490605428 0.630637903038738 0.020793319415448864 0.09303641846439348
0 0.5165918580375782 0.667919276270007 0.010746346555323605 0.033273022500579764
0 0.5417223382045929 0.6549756437021572 0.01663883089770355 0.057916956622593496
0 0.6637212943632569 0.6217026212015773 0.027035490605428158 0.10228717234980281
0 0.6902348643006263 0.647896079795871 0.015594989561586736 0.037587566689863176
0 0.7976774530271399 0.5844305265599629 0.013517745302714079 0.06099744838784507
0 0.8252348643006263 0.5714868939921132 0.011090814196242249 0.043748550220366646
0 0.8203810020876826 0.5514636975179773 0.013862212943632457 0.06901414984922288
0 0.9893423799582463 0.5006355833913244 0.015594989561586559 0.0573045697054048
0 0.3176983298538622 0.40352586406866153 0.003199373695198382 0.00874971004407333
0 0.32028705636743215 0.4033031779169567 0.0019676409185803933 0.007441428902806833
0 0.35721294363256784 0.4054929250753885 0.0024634655532358883 0.005687775458130299
0 0.33603862212943636 0.4194943168638367 0.004431106471816282 0.015318951519369111
0 0.3317327766179541 0.4192809093017861 0.002708768267223416 0.013129204360937131
0 0.3239770354906054 0.4444444444444444 0.0029540709812108544 0.017072604964045487
0 0.32582463465553235 0.4306564602180468 0.003695198329853788 0.007877522616562278