0 0.690625 0.19583333333333333 0.0046875 0.01875
0 0.72890625 0.7135416666666666 0.0296875 0.06875
0 0.77265625 0.6270833333333333 0.0234375 0.04375
0 0.7203125 0.5625 0.01875 0.052083333333333336
0 0.6875 0.5447916666666667 0.01875 0.041666666666666664
0 0.671875 0.5489583333333333 0.0125 0.025
0 0.634375 0.5260416666666666 0.0125 0.035416666666666666
0 0.625 0.509375 0.0140625 0.029166666666666667
0 0.6359375 0.5041666666666667 0.0125 0.022916666666666665
0 0.69609375 0.5 0.015625 0.04791666666666667
0 0.834375 0.5604166666666667 0.021875 0.058333333333333334
0 0.85390625 0.5447916666666667 0.025 0.05416666666666667
0 0.75 0.5875 0.0203125 0.03333333333333333
0 0.95078125 0.58125 0.0234375 0.029166666666666667
0 0.89375 0.5760416666666667 0.0234375 0.025
0 0.6671875 0.409375 0.0109375 0.04583333333333333
0 0.7578125 0.5041666666666667 0.021875 0.016666666666666666
0 0.6796875 0.19895833333333332 0.003125 0.0125
0 0.3421875 0.378125 0.009375 0.03125
0 0.19375 0.3177083333333333 0.0078125 0.03125
0 0.15703125 0.484375 0.0234375 0.029166666666666667
0 0.19296875 0.6354166666666666 0.021875 0.041666666666666664
0 0.2171875 0.934375 0.0328125 0.08958333333333333
0 0.19453125 0.9416666666666667 0.028125 0.07708333333333334
0 0.80546875 0.425 0.009375 0.027083333333333334
0 0.8125 0.3385416666666667 0.009375 0.022916666666666665
0 0.7734375 0.3333333333333333 0.0109375 0.016666666666666666
0 0.971875 0.5760416666666667 0.01875 0.027083333333333334