0 0.89375 0.23173277661795408 0.0203125 0.025052192066805846
0 0.20390625 0.8914405010438413 0.009375 0.016701461377870562
0 0.3109375 0.7004175365344467 0.0125 0.014613778705636743
0 0.509375 0.47494780793319413 0.0078125 0.016701461377870562
0 0.49453125 0.5532359081419624 0.009375 0.012526096033402923
0 0.97265625 0.37995824634655534 0.009375 0.014613778705636743
0 0.978125 0.3757828810020877 0.0078125 0.008350730688935281
0 0.78671875 0.07828810020876827 0.0078125 0.008350730688935281
0 0.7890625 0.08768267223382047 0.009375 0.018789144050104383
0 0.6171875 0.07306889352818371 0.009375 0.020876826722338204
0 0.7203125 0.031315240083507306 0.009375 0.022964509394572025
0 0.69765625 0.07828810020876827 0.0125 0.022964509394572025
0 0.55 0.007306889352818371 0.00625 0.014613778705636743
0 0.371875 0.48538622129436326 0.0046875 0.010438413361169102