0 0.4375 0.07043809523809523 0.004864285714285721 0.016076190476190473
0 0.3320285714285714 0.038066666666666665 0.005257142857142849 0.015342857142857142
0 0.4382357142857143 0.07527619047619048 0.005685714285714382 0.016838095238095246
0 0.510742857142857 0.1625142857142857 0.008478571428571335 0.023885714285714243
0 0.35790714285714287 0.03263809523809524 0.00503571428571421 0.015828571428571428
0 0.5234357142857142 0.15836190476190476 0.012100000000000045 0.02520952380952378
0 0.49805 0.12401904761904763 0.007721428571428568 0.013933333333333337
0 0.46411428571428565 0.2454380952380952 0.010328571428571465 0.02915238095238095
0 0.48901428571428573 0.12621904761904762 0.006092857142857078 0.013295238095238086
0 0.46875 0.2705047619047619 0.008478571428571335 0.028219047619047633
0 0.22729285714285713 0.33789523809523814 0.011964285714285695 0.03401904761904764
0 0.33349285714285715 0.4843714285714285 0.010407142857142926 0.027790476190476098
0 0.4726571428571429 0.484047619047619 0.012292857142857194 0.036495238095238136
0 0.46704285714285715 0.19547619047619047 0.007721428571428568 0.026285714285714336
0 0.4643642857142857 0.48534285714285713 0.008292857142857102 0.03263809523809525
0 0.4546 0.48374285714285714 0.0116714285714286 0.03816190476190483
0 0.3408357142857143 0.5025238095238095 0.00992857142857142 0.037276190476190504
0 0.34337142857142855 0.5194190476190476 0.011192857142857093 0.025447619047619104
0 0.34615714285714283 0.1440952380952381 0.007657142857142851 0.025504761904761888
0 0.4473 0.20825714285714284 0.006557142857142928 0.025
0 0.4523714285714286 0.1315047619047619 0.005964285714285644 0.02417142857142857