0 0.4859375 0.6236111111111111 0.0140625 0.05555555555555555
0 0.5375 0.6722222222222223 0.01875 0.05
0 0.3703125 0.5763888888888888 0.01875 0.05277777777777778
0 0.63671875 0.6958333333333333 0.021875 0.05
0 0.9875 0.7652777777777777 0.025 0.075
0 0.49765625 0.6680555555555555 0.0203125 0.041666666666666664
0 0.58359375 0.6888888888888889 0.01875 0.05
0 0.7390625 0.7152777777777778 0.021875 0.05
0 0.42109375 0.6180555555555556 0.0171875 0.04722222222222222
0 0.2453125 0.5263888888888889 0.015625 0.025
0 0.2125 0.4875 0.0140625 0.03888888888888889
0 0.16171875 0.4166666666666667 0.0171875 0.027777777777777776
0 0.0171875 0.3125 0.0125 0.025
0 0.0359375 0.3013888888888889 0.0109375 0.03611111111111111
0 0.14921875 0.4013888888888889 0.0125 0.044444444444444446
0 0.07109375 0.3347222222222222 0.0125 0.022222222222222223
0 0.0578125 0.33611111111111114 0.0109375 0.025
0 0.12734375 0.375 0.0109375 0.03611111111111111