0 0.29765625 0.012534818941504178 0.0109375 0.025069637883008356
0 0.28046875 0.4777158774373259 0.01875 0.055710306406685235
0 0.54453125 0.4025069637883008 0.0140625 0.05013927576601671
0 0.47265625 0.6448467966573816 0.01875 0.036211699164345405
0 0.37109375 0.7033426183844012 0.015625 0.04178272980501393
0 0.4875 0.541782729805014 0.0125 0.03899721448467967
0 0.51953125 0.403899721448468 0.0140625 0.036211699164345405
0 0.36796875 0.6866295264623955 0.00625 0.011142061281337047
0 0.7484375 0.07381615598885793 0.0140625 0.03899721448467967
0 0.7515625 0.09192200557103064 0.0109375 0.04456824512534819
0 0.32265625 0.4986072423398329 0.009375 0.025069637883008356
0 0.54609375 0.34958217270194986 0.0109375 0.03899721448467967
0 0.584375 0.31754874651810583 0.0109375 0.04178272980501393