0 0.14453125 0.032359081419624215 0.0109375 0.022964509394572025
0 0.55859375 0.278705636743215 0.0109375 0.031315240083507306
0 0.571875 0.2766179540709812 0.0109375 0.033402922755741124
0 0.815625 0.7860125260960334 0.0296875 0.06471816283924843
0 0.54140625 0.24739039665970772 0.0109375 0.027139874739039668
0 0.4296875 0.3277661795407098 0.0140625 0.033402922755741124
0 0.38984375 0.30167014613778703 0.021875 0.033402922755741124
0 0.70234375 0.2661795407098121 0.0140625 0.037578288100208766
0 0.6875 0.2609603340292276 0.009375 0.03549060542797495
0 0.69296875 0.2745302713987474 0.0078125 0.037578288100208766
0 0.69453125 0.2536534446764092 0.0046875 0.006263048016701462
0 0.80625 0.08350730688935282 0.009375 0.029227557411273485
0 0.48828125 0.11795407098121086 0.0046875 0.029227557411273485
0 0.49765625 0.12212943632567849 0.0046875 0.018789144050104383