0 0.74765625 0.37604166666666666 0.0140625 0.01875
0 0.32578125 0.13854166666666667 0.0109375 0.025
0 0.72109375 0.39375 0.0109375 0.0125
0 0.4328125 0.440625 0.0078125 0.01875
0 0.3671875 0.09791666666666667 0.0109375 0.025
0 0.80234375 0.38125 0.009375 0.020833333333333332
0 0.6421875 0.5104166666666666 0.0140625 0.016666666666666666
0 0.0828125 0.25833333333333336 0.0203125 0.025
0 0.09140625 0.25 0.0203125 0.027083333333333334
0 0.09921875 0.24791666666666667 0.01875 0.025
0 0.10234375 0.3645833333333333 0.01875 0.01875
0 0.059375 0.17604166666666668 0.0203125 0.027083333333333334
0 0.0671875 0.17083333333333334 0.0203125 0.025
0 0.0703125 0.15416666666666667 0.01875 0.022916666666666665
0 0.09140625 0.09479166666666666 0.009375 0.0125
0 0.034375 0.10208333333333333 0.0203125 0.025
0 0.028125 0.10625 0.0203125 0.027083333333333334
0 0.028125 0.14583333333333334 0.0203125 0.025
0 0.05234375 0.18645833333333334 0.021875 0.020833333333333332
0 0.07578125 0.2125 0.0171875 0.01875
0 0.13359375 0.5197916666666667 0.0140625 0.014583333333333334
0 0.15859375 0.5125 0.0109375 0.016666666666666666
0 0.12421875 0.5427083333333333 0.009375 0.0125
0 0.96796875 0.6177083333333333 0.03125 0.0125
0 0.96171875 0.6302083333333334 0.01875 0.014583333333333334
0 0.96015625 0.6541666666666667 0.0296875 0.022916666666666665
0 0.246875 0.008333333333333333 0.0125 0.016666666666666666
0 0.3703125 0.08541666666666667 0.0109375 0.029166666666666667
0 0.08515625 0.090625 0.009375 0.010416666666666666