0 0.70546875 0.18645833333333334 0.0046875 0.016666666666666666
0 0.74921875 0.6864583333333333 0.028125 0.06458333333333334
0 0.790625 0.6020833333333333 0.021875 0.041666666666666664
0 0.73828125 0.540625 0.0171875 0.05
0 0.70703125 0.5239583333333333 0.01875 0.041666666666666664
0 0.69140625 0.5291666666666667 0.0125 0.025
0 0.6546875 0.5072916666666667 0.0125 0.035416666666666666
0 0.64609375 0.490625 0.0140625 0.029166666666666667
0 0.65625 0.4864583333333333 0.0125 0.022916666666666665
0 0.71484375 0.48020833333333335 0.0140625 0.04583333333333333
0 0.84921875 0.5354166666666667 0.021875 0.05625
0 0.86796875 0.5197916666666667 0.0234375 0.052083333333333336
0 0.76796875 0.5635416666666667 0.01875 0.03333333333333333
0 0.9625 0.553125 0.0234375 0.027083333333333334
0 0.90703125 0.5489583333333333 0.021875 0.022916666666666665
0 0.68515625 0.39375 0.0109375 0.04375
0 0.77421875 0.48333333333333334 0.0203125 0.016666666666666666
0 0.6953125 0.18958333333333333 0.003125 0.0125
0 0.3703125 0.37083333333333335 0.0078125 0.03125
0 0.22578125 0.315625 0.00625 0.029166666666666667
0 0.19140625 0.478125 0.021875 0.027083333333333334
0 0.22890625 0.6229166666666667 0.0203125 0.03958333333333333
0 0.25546875 0.9125 0.03125 0.08541666666666667
0 0.23359375 0.921875 0.0265625 0.07916666666666666
0 0.81953125 0.40520833333333334 0.009375 0.025
0 0.825 0.32083333333333336 0.009375 0.020833333333333332
0 0.7875 0.31666666666666665 0.009375 0.016666666666666666
0 0.9828125 0.5479166666666667 0.0171875 0.025