0 0.19857142857142857 0.018095238095238095 0.027142857142857156 0.03619047619047619
0 0.33785714285714286 0.5305714285714287 0.01672857142857138 0.0273333333333334
0 0.35867142857142853 0.5380857142857143 0.019092857142857154 0.030723809523809525
0 0.3416285714285714 0.5560285714285714 0.03136428571428569 0.022971428571428493
0 0.4192714285714286 0.507104761904762 0.012092857142857127 0.04659999999999999
0 0.4073142857142857 0.5902190476190476 0.02254999999999998 0.03608571428571447
0 0.46695714285714285 0.634295238095238 0.02400000000000002 0.03477142857142847
0 0.48695714285714287 0.6381714285714286 0.01818571428571438 0.02506666666666651
0 0.4906857142857143 0.6070190476190476 0.019092857142857154 0.03111428571428571
0 0.5091428571428571 0.6080476190476191 0.015635714285714288 0.0324571428571429
0 0.6939071428571428 0.7091238095238096 0.016885714285714393 0.02843809523809521
0 0.6831071428571429 0.6712952380952381 0.015749999999999886 0.03264761904761902
0 0.6929285714285714 0.6460761904761905 0.02370000000000001 0.03804761904761899
0 0.7080285714285715 0.6305428571428571 0.020778571428571445 0.03619999999999995
0 0.7258857142857142 0.6648571428571428 0.023378571428571426 0.03210476190476186
0 0.7249928571428571 0.6848285714285715 0.04204285714285714 0.03503809523809522
0 0.7702857142857142 0.5867047619047618 0.016721428571428554 0.03423809523809519
0 0.7907357142857142 0.5672190476190476 0.025485714285714157 0.029028571428571345