0 0.8022450000000001 0.5087866666666666 0.006670000000000087 0.01664000000000006
0 0.9677749999999999 0.6223933333333334 0.006145000000000067 0.01582666666666673
0 0.78418 0.48144666666666663 0.005935000000000024 0.015106666666666749
0 0.791505 0.5091133333333333 0.007815000000000082 0.01676666666666667
0 0.45776500000000003 0.8046866666666667 0.007094999999999985 0.020100000000000052
0 0.45702999999999994 0.7259133333333332 0.007205000000000084 0.017499999999999953
0 0.39551 0.75716 0.007575000000000021 0.018119999999999928
0 0.46924 0.8307266666666666 0.005820000000000114 0.02065333333333328
0 0.791015 0.48698 0.007039999999999935 0.01638666666666661
0 0.44409 0.7858066666666667 0.008065000000000034 0.018180000000000026
0 0.90381 0.5403666666666667 0.007815000000000082 0.014646666666666638
0 0.48999000000000004 0.8652333333333332 0.007429999999999914 0.02002000000000024
0 0.483885 0.4388 0.007724999999999938 0.010873333333333336
0 0.30176 0.3964866666666667 0.006510000000000016 0.01460000000000008
0 0.9123950000000001 0.54172 0.006289999999999907 0.01090666666666659
0 0.42213 0.43123333333333336 0.005414999999999992 0.008086666666666768
0 0.422705 0.4384533333333333 0.006134999999999913 0.009046666666666663
0 0.49302 0.76702 0.005739999999999945 0.016779999999999972