0 0.5136714285714286 0.9388 0.013071428571428534 0.024780952380952452
0 0.5873999999999999 0.2859714285714286 0.01744285714285727 0.03263809523809525
0 0.44811428571428574 0.3195904761904762 0.011700000000000089 0.023542857142857206
0 0.6908357142857142 0.46328571428571425 0.013250000000000029 0.018561904761904793
0 0.6772714285714285 0.7201809523809524 0.015942857142857036 0.023847619047618927
0 0.6857571428571428 0.7831428571428571 0.014285714285714235 0.027180952380952306
0 0.6343571428571428 0.888247619047619 0.013978571428571307 0.021228571428571284
0 0.7052714285714285 0.26742857142857146 0.016664285714285576 0.024399999999999977
0 0.7452357142857142 0.28122857142857144 0.01460000000000008 0.025504761904761846
0 0.22486428571428568 0.18356190476190476 0.015478571428571364 0.024676190476190504
0 0.013649999999999999 0.01578095238095238 0.023214285714285715 0.031257142857142865
0 0.6311357142857144 0.1178952380952381 0.014528571428571446 0.022695238095238116
0 0.6235642857142857 0.6979619047619047 0.010200000000000032 0.01614285714285728
0 0.8275 0.03611428571428572 0.01490000000000009 0.027961904761904764