0 0.8037142857142857 0.14778412698412696 0.006292857142857144 0.015733333333333297
0 0.7470714285714286 0.14572698412698412 0.006242857142856906 0.019238095238095256
0 0.3520857142857143 0.0955174603174603 0.0065928571428571555 0.024025396825396842
0 0.3714142857142857 0.1444063492063492 0.005678571428571466 0.026577777777777773
0 0.5448785714285714 0.07112380952380952 0.002171428571428535 0.013536507936507923
0 0.5425214285714286 0.07818412698412698 0.0023928571428569966 0.007682539682539671
0 0.5567071428571428 0.09685079365079363 0.0029214285714285635 0.011885714285714262
0 0.7953214285714286 0.8566349206349206 0.005221428571428532 0.023631746031745768
0 0.8023071428571429 0.8536253968253968 0.006842857142857017 0.022323809523809423
0 0.5084785714285714 0.013968253968253968 0.002514285714285691 0.010958730158730163
0 0.49503571428571425 0.013739682539682541 0.0027642857142856415 0.010514285714285717
0 0.4819357142857143 0.025193650793650792 0.002578571428571408 0.00862222222222222