0 0.73515625 0.5930555555555556 0.0046875 0.016666666666666666
0 0.94921875 0.6055555555555555 0.0046875 0.011111111111111112
0 0.94296875 0.5986111111111111 0.00625 0.011111111111111112
0 0.94140625 0.6083333333333333 0.0046875 0.011111111111111112
0 0.9234375 0.6305555555555555 0.00625 0.011111111111111112
0 0.93828125 0.6180555555555556 0.00625 0.011111111111111112
0 0.93984375 0.6222222222222222 0.00625 0.013888888888888888
0 0.8703125 0.5944444444444444 0.0046875 0.008333333333333333
0 0.8875 0.5888888888888889 0.0046875 0.008333333333333333
0 0.88984375 0.5791666666666667 0.003125 0.008333333333333333
0 0.8234375 0.6180555555555556 0.003125 0.008333333333333333
0 0.81953125 0.6097222222222223 0.003125 0.005555555555555556
0 0.8328125 0.6513888888888889 0.0046875 0.011111111111111112
0 0.82734375 0.6375 0.0046875 0.008333333333333333
0 0.83984375 0.6527777777777778 0.0046875 0.008333333333333333
0 0.8421875 0.6486111111111111 0.003125 0.008333333333333333
0 0.95859375 0.49583333333333335 0.003125 0.008333333333333333
0 0.95546875 0.5013888888888889 0.0046875 0.005555555555555556
0 0.93515625 0.4777777777777778 0.003125 0.008333333333333333
0 0.93203125 0.4722222222222222 0.003125 0.008333333333333333
0 0.9171875 0.42916666666666664 0.0046875 0.005555555555555556
0 0.934375 0.4527777777777778 0.003125 0.011111111111111112
0 0.9453125 0.47638888888888886 0.003125 0.008333333333333333
0 0.94375 0.4597222222222222 0.003125 0.008333333333333333
0 0.95 0.42916666666666664 0.0046875 0.008333333333333333
0 0.946875 0.42777777777777776 0.0046875 0.008333333333333333
0 0.9390625 0.425 0.0046875 0.008333333333333333
0 0.934375 0.41805555555555557 0.0046875 0.013888888888888888
0 0.94609375 0.4097222222222222 0.003125 0.008333333333333333
0 0.909375 0.3736111111111111 0.00625 0.013888888888888888
0 0.9109375 0.49583333333333335 0.003125 0.008333333333333333
0 0.89453125 0.6902777777777778 0.0078125 0.013888888888888888
0 0.88359375 0.6944444444444444 0.00625 0.013888888888888888
0 0.9078125 0.4013888888888889 0.0078125 0.016666666666666666
0 0.90625 0.4777777777777778 0.0046875 0.013888888888888888
0 0.89921875 0.47638888888888886 0.0046875 0.016666666666666666
0 0.89765625 0.5777777777777777 0.00625 0.008333333333333333
0 0.71015625 0.5263888888888889 0.003125 0.011111111111111112