0 0.434375 0.348643006263048 0.0109375 0.027139874739039668
0 0.26484375 0.46659707724425886 0.0140625 0.03549060542797495
0 0.43828125 0.22129436325678498 0.0109375 0.031315240083507306
0 0.371875 0.4707724425887265 0.0125 0.029227557411273485
0 0.96328125 0.6294363256784968 0.0296875 0.03966597077244259
0 0.7609375 0.5657620041753654 0.0203125 0.029227557411273485
0 0.76796875 0.5762004175365344 0.021875 0.029227557411273485
0 0.9421875 0.5845511482254697 0.0234375 0.027139874739039668
0 0.75546875 0.5438413361169102 0.0140625 0.020876826722338204
0 0.30625 0.6889352818371608 0.0171875 0.03549060542797495
0 0.4484375 0.22338204592901878 0.009375 0.031315240083507306
0 0.9796875 0.6649269311064718 0.0296875 0.029227557411273485
0 0.75546875 0.558455114822547 0.01875 0.029227557411273485
0 0.4390625 0.8089770354906054 0.01875 0.029227557411273485
0 0.40859375 0.7881002087682673 0.0078125 0.014613778705636743
0 0.434375 0.7870563674321504 0.0140625 0.020876826722338204