0 0.49609375 0.4791231732776618 0.009375 0.012526096033402923
0 0.38203125 0.42171189979123175 0.0125 0.012526096033402923
0 0.4609375 0.48747390396659707 0.0046875 0.006263048016701462
0 0.46875 0.5448851774530271 0.00625 0.010438413361169102
0 0.478125 0.5417536534446764 0.0078125 0.010438413361169102
0 0.53203125 0.5647181628392485 0.00625 0.012526096033402923
0 0.46484375 0.21294363256784968 0.009375 0.018789144050104383
0 0.44765625 0.18997912317327767 0.009375 0.014613778705636743
0 0.4546875 0.16075156576200417 0.0078125 0.020876826722338204
0 0.45 0.12526096033402923 0.009375 0.018789144050104383
0 0.4640625 0.11691022964509394 0.0078125 0.016701461377870562
0 0.56328125 0.07933194154488518 0.0109375 0.022964509394572025
0 0.59921875 0.24947807933194155 0.0109375 0.020876826722338204
0 0.5984375 0.3267223382045929 0.015625 0.029227557411273485
0 0.57265625 0.3559498956158664 0.0109375 0.022964509394572025
0 0.5828125 0.348643006263048 0.009375 0.012526096033402923
0 0.54375 0.348643006263048 0.009375 0.014613778705636743
0 0.44765625 0.6064718162839249 0.0078125 0.012526096033402923
0 0.55859375 0.5845511482254697 0.0078125 0.010438413361169102
0 0.5859375 0.5824634655532359 0.00625 0.010438413361169102
0 0.70546875 0.5386221294363257 0.0125 0.018789144050104383
0 0.6734375 0.3862212943632568 0.0078125 0.012526096033402923
0 0.71328125 0.37891440501043844 0.009375 0.016701461377870562
0 0.35078125 0.6169102296450939 0.0078125 0.008350730688935281