0 0.4671875 0.38440111420612816 0.0140625 0.052924791086350974
0 0.490625 0.2520891364902507 0.0125 0.027855153203342618
0 0.48125 0.2618384401114206 0.0078125 0.03899721448467967
0 0.4796875 0.22701949860724233 0.009375 0.025069637883008356
0 0.5453125 0.2799442896935933 0.0125 0.013927576601671309
0 0.46640625 0.0807799442896936 0.0109375 0.033426183844011144
0 0.42734375 0.06685236768802229 0.0046875 0.04178272980501393
0 0.43125 0.057103064066852366 0.00625 0.016713091922005572
0 0.65625 0.08495821727019498 0.00625 0.04735376044568245
0 0.40859375 0.034818941504178275 0.0078125 0.025069637883008356
0 0.4140625 0.023676880222841225 0.0109375 0.03899721448467967