0 0.47265625 0.6416666666666667 0.0171875 0.08888888888888889
0 0.50234375 0.6319444444444444 0.0234375 0.09722222222222222
0 0.52265625 0.6694444444444444 0.0109375 0.03611111111111111
0 0.54921875 0.6555555555555556 0.01875 0.06111111111111111
0 0.6765625 0.6166666666666667 0.0296875 0.10833333333333334
0 0.7046875 0.6430555555555556 0.0171875 0.03888888888888889
0 0.8171875 0.5736111111111111 0.0140625 0.06388888888888888
0 0.84609375 0.5583333333333333 0.0125 0.04722222222222222
0 0.840625 0.5375 0.015625 0.07222222222222222
0 0.31171875 0.39861111111111114 0.003125 0.008333333333333333
0 0.3140625 0.39861111111111114 0.0015625 0.008333333333333333
0 0.353125 0.4 0.003125 0.005555555555555556
0 0.33125 0.4152777777777778 0.0046875 0.016666666666666666
0 0.3265625 0.4152777777777778 0.003125 0.013888888888888888
0 0.31875 0.44166666666666665 0.003125 0.016666666666666666
0 0.3203125 0.42777777777777776 0.0046875 0.008333333333333333