0 0.17515714285714284 0.4950761904761905 0.016542857142857147 0.025609523809523794
0 0.14354285714285714 0.5056571428571429 0.009535714285714291 0.0332666666666667
0 0.15177142857142856 0.5094285714285713 0.00625 0.0333809523809523
0 0.16620714285714283 0.5177619047619048 0.01587142857142858 0.031133333333333367
0 0.25437857142857145 0.5586857142857142 0.020514285714285752 0.04341904761904753
0 0.2661071428571429 0.5636857142857143 0.019671428571428517 0.03925714285714292
0 0.657092857142857 0.659752380952381 0.014864285714285686 0.0506952380952382
0 0.6735 0.6671999999999999 0.015721428571428574 0.05459999999999994
0 0.6593285714285714 0.6221714285714286 0.019328571428571452 0.027771428571428676
0 0.6753071428571429 0.6356380952380951 0.018299999999999983 0.03339047619047619
0 0.7020214285714286 0.6546571428571428 0.023278571428571305 0.04668571428571416
0 0.6561928571428571 0.6025238095238095 0.017692857142857045 0.03039999999999997
0 0.7571642857142857 0.6613523809523809 0.01503571428571444 0.037409523809523886
0 0.7365071428571428 0.6987047619047619 0.022678571428571458 0.05162857142857149
0 0.8046714285714286 0.7135904761904761 0.028607142857142963 0.05255238095238089
0 0.9847571428571429 0.6007047619047619 0.027357142857142948 0.045171428571428626
0 0.9503214285714285 0.598247619047619 0.02557142857142871 0.05358095238095236
0 0.9332285714285714 0.5923428571428572 0.018135714285714144 0.04889523809523813
0 0.9158 0.5710095238095237 0.019685714285714084 0.03572380952380953
0 0.8485142857142858 0.5302 0.017128571428571604 0.027857142857142848
0 0.8153285714285714 0.5331904761904762 0.02426428571428545 0.04143809523809523
0 0.8355499999999999 0.5409999999999999 0.01831428571428546 0.029942857142857153
0 0.7717357142857143 0.41269523809523806 0.015578571428571308 0.032152380952380946
0 0.7464642857142857 0.40385714285714286 0.013557142857142957 0.027314285714285683
0 0.7596642857142857 0.40314285714285714 0.012128571428571355 0.03349523809523802
0 0.8728642857142856 0.568 0.024799999999999756 0.04731428571428585
0 0.8967428571428572 0.5764095238095238 0.027235714285714252 0.05271428571428558