0 0.690625 0.6336116910229646 0.0296875 0.022964509394572025
0 0.65390625 0.6022964509394572 0.025 0.027139874739039668
0 0.509375 0.2630480167014614 0.0234375 0.031315240083507306
0 0.43828125 0.3883089770354906 0.015625 0.03549060542797495
0 0.3625 0.2797494780793319 0.015625 0.03549060542797495
0 0.32734375 0.24739039665970772 0.01875 0.03549060542797495
0 0.37734375 0.0824634655532359 0.0203125 0.04592901878914405
0 0.4125 0.06680584551148225 0.0203125 0.03549060542797495
0 0.32890625 0.1304801670146138 0.0265625 0.037578288100208766
0 0.278125 0.17118997912317327 0.0171875 0.020876826722338204
0 0.28046875 0.20876826722338204 0.0140625 0.029227557411273485
0 0.271875 0.22129436325678498 0.01875 0.03549060542797495
0 0.24765625 0.1941544885177453 0.0140625 0.031315240083507306
0 0.0484375 0.23277661795407098 0.0328125 0.04384133611691023
0 0.26640625 0.7620041753653445 0.021875 0.033402922755741124