0 0.5484375 0.6137787056367432 0.0078125 0.025052192066805846
0 0.8859375 0.08037578288100208 0.00625 0.012526096033402923
0 0.659375 0.7306889352818372 0.0109375 0.025052192066805846
0 0.11484375 0.9467640918580376 0.0109375 0.020876826722338204
0 0.0734375 0.2755741127348643 0.009375 0.016701461377870562
0 0.28671875 0.3455114822546973 0.009375 0.020876826722338204
0 0.27578125 0.34237995824634654 0.0109375 0.022964509394572025
0 0.6328125 0.6597077244258872 0.0125 0.027139874739039668
0 0.303125 0.34029227557411273 0.009375 0.022964509394572025
0 0.10859375 0.12317327766179541 0.0046875 0.012526096033402923
0 0.09453125 0.12212943632567849 0.0046875 0.008350730688935281
0 0.1828125 0.22964509394572025 0.0046875 0.010438413361169102
0 0.77265625 0.2536534446764092 0.0046875 0.012526096033402923
0 0.76796875 0.24947807933194155 0.0046875 0.014613778705636743