0 0.384375 0.571875 0.0234375 0.03958333333333333
0 0.721875 0.3541666666666667 0.009375 0.029166666666666667
0 0.70859375 0.21666666666666667 0.0078125 0.025
0 0.3875 0.35520833333333335 0.0125 0.025
0 0.1109375 0.603125 0.0203125 0.0375
0 0.82578125 0.2947916666666667 0.0109375 0.029166666666666667
0 0.9359375 0.17291666666666666 0.00625 0.01875
0 0.8234375 0.171875 0.00625 0.01875
0 0.09765625 0.6291666666666667 0.01875 0.035416666666666666
0 0.13046875 0.6208333333333333 0.0109375 0.022916666666666665
0 0.11796875 0.6208333333333333 0.0171875 0.029166666666666667
0 0.85546875 0.14270833333333333 0.00625 0.014583333333333334
0 0.79453125 0.21041666666666667 0.00625 0.014583333333333334
0 0.80078125 0.23541666666666666 0.00625 0.014583333333333334
0 0.871875 0.2875 0.0109375 0.016666666666666666