0 0.48125 0.9708333333333333 0.0140625 0.027083333333333334
0 0.39453125 0.284375 0.01875 0.035416666666666666
0 0.54140625 0.31666666666666665 0.0125 0.025
0 0.28828125 0.4739583333333333 0.0140625 0.020833333333333332
0 0.30546875 0.7447916666666666 0.0171875 0.025
0 0.29765625 0.8114583333333333 0.015625 0.029166666666666667
0 0.353125 0.9208333333333333 0.015625 0.022916666666666665
0 0.2703125 0.2677083333333333 0.0171875 0.027083333333333334
0 0.228125 0.2833333333333333 0.015625 0.027083333333333334
0 0.775 0.16770833333333332 0.0171875 0.027083333333333334
0 0.34609375 0.10833333333333334 0.015625 0.025
0 0.36171875 0.7197916666666667 0.0109375 0.016666666666666666
0 0.13828125 0.027083333333333334 0.015625 0.029166666666666667