0 0.1875 0.4583333333333333 0.0140625 0.044444444444444446
0 0.25546875 0.4263888888888889 0.009375 0.03611111111111111
0 0.2078125 0.43333333333333335 0.0078125 0.03333333333333333
0 0.546875 0.5791666666666667 0.0125 0.05
0 0.05078125 0.5041666666666667 0.0171875 0.04722222222222222
0 0.234375 0.4527777777777778 0.015625 0.03333333333333333
0 0.09453125 0.11388888888888889 0.0046875 0.019444444444444445
0 0.5671875 0.575 0.0109375 0.03611111111111111
0 0.11796875 0.12638888888888888 0.0078125 0.027777777777777776
0 0.09609375 0.14166666666666666 0.0046875 0.016666666666666666
0 0.496875 0.2972222222222222 0.0078125 0.030555555555555555
0 0.146875 0.48333333333333334 0.0171875 0.03333333333333333
0 0.55234375 0.5444444444444444 0.015625 0.041666666666666664
0 0.5625 0.5819444444444445 0.0109375 0.030555555555555555
0 0.1828125 0.44583333333333336 0.00625 0.016666666666666666
0 0.503125 0.2847222222222222 0.003125 0.016666666666666666
0 0.5078125 0.29583333333333334 0.00625 0.03611111111111111