0 0.56015625 0.37395833333333334 0.015625 0.04791666666666667
0 0.80546875 0.3770833333333333 0.01875 0.04583333333333333
0 0.36875 0.353125 0.0140625 0.04583333333333333
0 0.159375 0.7510416666666667 0.0265625 0.06458333333333334
0 0.3734375 0.28229166666666666 0.0203125 0.022916666666666665
0 0.44296875 0.3229166666666667 0.009375 0.04791666666666667
0 0.45078125 0.32395833333333335 0.0078125 0.03958333333333333
0 0.453125 0.3177083333333333 0.0109375 0.04791666666666667
0 0.51015625 0.353125 0.0171875 0.020833333333333332
0 0.50625 0.3385416666666667 0.0109375 0.014583333333333334
0 0.49140625 0.35625 0.0109375 0.03125
0 0.47890625 0.353125 0.0109375 0.020833333333333332
0 0.46953125 0.3572916666666667 0.009375 0.022916666666666665
0 0.4671875 0.3802083333333333 0.01875 0.03125
0 0.509375 0.3927083333333333 0.0109375 0.025
0 0.49765625 0.3927083333333333 0.0109375 0.025
0 0.35859375 0.07083333333333333 0.009375 0.020833333333333332
0 0.346875 0.071875 0.0109375 0.020833333333333332
0 0.134375 0.034375 0.00625 0.014583333333333334
0 0.1203125 0.042708333333333334 0.00625 0.014583333333333334
0 0.11328125 0.03125 0.009375 0.014583333333333334
0 0.04921875 0.058333333333333334 0.0109375 0.01875
0 0.04296875 0.06041666666666667 0.009375 0.020833333333333332