0 0.99453125 0.6350974930362117 0.0078125 0.025069637883008356
0 0.74921875 0.6295264623955432 0.015625 0.04178272980501393
0 0.61953125 0.5974930362116991 0.0125 0.033426183844011144
0 0.5171875 0.6448467966573816 0.0171875 0.04456824512534819
0 0.51015625 0.7534818941504178 0.00625 0.033426183844011144
0 0.690625 0.8064066852367688 0.0171875 0.03899721448467967
0 0.4484375 0.4958217270194986 0.0140625 0.036211699164345405
0 0.41015625 0.383008356545961 0.009375 0.04178272980501393
0 0.4171875 0.3203342618384401 0.0109375 0.033426183844011144
0 0.40625 0.16991643454038996 0.009375 0.03064066852367688
0 0.41015625 0.12952646239554316 0.009375 0.022284122562674095
0 0.53203125 0.40947075208913647 0.009375 0.036211699164345405
0 0.52109375 0.4136490250696379 0.009375 0.033426183844011144
0 0.91875 0.3635097493036212 0.0109375 0.033426183844011144