0 0.7 0.07103064066852367 0.0109375 0.05013927576601671
0 0.71796875 0.5306406685236769 0.01875 0.055710306406685235
0 0.4640625 0.4582172701949861 0.0140625 0.04735376044568245
0 0.5328125 0.6908077994428969 0.0171875 0.036211699164345405
0 0.63125 0.7465181058495822 0.015625 0.03899721448467967
0 0.51953125 0.5919220055710307 0.0125 0.03899721448467967
0 0.9265625 0.05013927576601671 0.0140625 0.033426183844011144
0 0.48828125 0.4582172701949861 0.0140625 0.033426183844011144
0 0.634375 0.7311977715877437 0.00625 0.011142061281337047
0 0.88515625 0.013927576601671309 0.0109375 0.027855153203342618
0 0.8796875 0.009749303621169917 0.015625 0.019498607242339833
0 0.5828125 0.012534818941504178 0.0078125 0.025069637883008356
0 0.3890625 0.025069637883008356 0.009375 0.04178272980501393
0 0.26796875 0.14206128133704735 0.0140625 0.036211699164345405
0 0.265625 0.16016713091922005 0.0109375 0.04178272980501393
0 0.678125 0.5501392757660167 0.0078125 0.025069637883008356
0 0.4625 0.40668523676880225 0.0109375 0.03899721448467967
0 0.42578125 0.37604456824512533 0.0109375 0.03899721448467967
0 0.3984375 0.04874651810584958 0.00625 0.03064066852367688