0 0.33949285714285715 0.0648126984126984 0.0062785714285714 0.028888888888888884
0 0.42005 0.05691428571428571 0.005228571428571449 0.027961904761904757
0 0.4737071428571428 0.12481269841269842 0.005321428571428655 0.024266666666666638
0 0.5857214285714285 0.17401904761904763 0.00649999999999995 0.02255238095238096
0 0.4772857142857143 0.24078730158730158 0.00481428571428566 0.02257777777777774
0 0.48290714285714287 0.24220952380952382 0.005457142857143005 0.020304761904761885
0 0.4916499999999999 0.24278095238095238 0.007542857142857073 0.023149206349206412
0 0.5042857142857142 0.2412190476190476 0.005378571428571455 0.025155555555555587
0 0.47507142857142853 0.2866031746031746 0.0050928571428572765 0.02247619047619046
0 0.5091642857142857 0.4707301587301587 0.005028571428571382 0.023847619047619003
0 0.5226428571428572 0.491695238095238 0.005114285714285849 0.024825396825396712
0 0.5084357142857142 0.38695873015873017 0.006857142857142761 0.011301587301587309
0 0.5082928571428571 0.38062222222222225 0.0071285714285714615 0.008368253968254023
0 0.5790285714285714 0.44099047619047615 0.006028571428571538 0.022857142857142777
0 0.617592857142857 0.44756825396825395 0.004207142857142898 0.019453968253968255
0 0.6151714285714285 0.26361904761904764 0.005392857142857111 0.021980952380952344
0 0.6221642857142856 0.2599619047619047 0.005664285714285811 0.02148571428571431
0 0.6185571428571428 0.2472126984126984 0.005571428571428605 0.010590476190476197
0 0.7019428571428572 0.32082539682539685 0.00895714285714284 0.027200000000000005
0 0.6850357142857142 0.47216507936507934 0.008042857142857152 0.016965079365079325
0 0.6863642857142856 0.4871873015873016 0.009050000000000048 0.012901587301587211
0 0.69185 0.5123809523809524 0.006857142857142761 0.020393650793650724
0 0.7175714285714285 0.5590984126984127 0.0040214285714286644 0.013422222222222363
0 0.7292714285714286 0.5864 0.0065785714285715 0.023187301587301572
0 0.5312357142857143 0.6334857142857143 0.0064000000000000055 0.028660317460317546
0 0.6179571428571429 0.7659301587301586 0.013157142857142822 0.01864126984127002
0 0.5640428571428571 0.8461968253968253 0.00840714285714288 0.017371428571428597
0 0.6228 0.8247492063492063 0.01407142857142869 0.027111111111111086
0 0.7013357142857143 0.7985904761904762 0.005635714285714322 0.013282539682539765
0 0.7070642857142857 0.7905523809523809 0.005635714285714322 0.024965079365079468
0 0.6826714285714286 0.7760888888888888 0.0064142857142856615 0.014895238095238027
0 0.7921142857142857 0.7665015873015874 0.013378571428571462 0.023847619047619003
0 0.8015857142857143 0.7729142857142857 0.01047857142857147 0.02001269841269833
0 0.7499642857142856 0.8116444444444443 0.013828571428571478 0.013422222222222205
0 0.791142857142857 0.8290285714285714 0.008771428571428786 0.022019047619047508
0 0.7614857142857142 0.8614730158730157 0.01100000000000012 0.025866666666666385
0 0.5929214285714286 0.7245206349206348 0.01394285714285708 0.020342857142856965
0 0.6205071428571428 0.7361396825396825 0.006514285714285606 0.01725714285714288