0 0.59140625 0.5563674321503131 0.0078125 0.020876826722338204
0 0.58984375 0.4592901878914405 0.00625 0.018789144050104383
0 0.60390625 0.5281837160751566 0.009375 0.018789144050104383
0 0.603125 0.2974947807933194 0.0046875 0.012526096033402923
0 0.63203125 0.47494780793319413 0.00625 0.014613778705636743
0 0.61953125 0.48643006263048016 0.0078125 0.016701461377870562
0 0.4703125 0.46868475991649267 0.0078125 0.020876826722338204
0 0.65546875 0.3444676409185804 0.00625 0.016701461377870562
0 0.9703125 0.0824634655532359 0.00625 0.010438413361169102
0 0.60859375 0.348643006263048 0.0046875 0.016701461377870562
0 0.98515625 0.08663883089770355 0.0078125 0.008350730688935281
0 0.61875 0.3496868475991649 0.00625 0.016701461377870562
0 0.96171875 0.1440501043841336 0.00625 0.012526096033402923
0 0.88046875 0.7098121085594989 0.0109375 0.020876826722338204
0 0.990625 0.10334029227557412 0.00625 0.012526096033402923
0 0.75 0.5093945720250522 0.00625 0.014613778705636743
0 0.584375 0.49164926931106473 0.00625 0.016701461377870562
0 0.48046875 0.4801670146137787 0.0078125 0.018789144050104383
0 0.7640625 0.36430062630480164 0.00625 0.014613778705636743
0 0.63671875 0.36325678496868474 0.00625 0.016701461377870562
0 0.9015625 0.7651356993736952 0.015625 0.016701461377870562
0 0.87734375 0.6064718162839249 0.009375 0.020876826722338204
0 0.884375 0.7703549060542797 0.01875 0.020876826722338204
0 0.76640625 0.3048016701461378 0.0078125 0.014613778705636743
0 0.95703125 0.03966597077244259 0.0140625 0.010438413361169102
0 0.61328125 0.36221294363256784 0.003125 0.016701461377870562
0 0.78515625 0.3695198329853862 0.0046875 0.014613778705636743
0 0.784375 0.3048016701461378 0.003125 0.010438413361169102
0 0.63359375 0.3674321503131524 0.003125 0.014613778705636743
0 0.62734375 0.3674321503131524 0.0046875 0.014613778705636743
0 0.6296875 0.36012526096033404 0.003125 0.010438413361169102
0 0.39140625 0.524008350730689 0.00625 0.014613778705636743
0 0.3953125 0.5156576200417536 0.00625 0.016701461377870562