0 0.8375 0.6852367688022284 0.0265625 0.08913649025069638
0 0.8515625 0.6002785515320335 0.0171875 0.07799442896935933
0 0.57265625 0.8217270194986073 0.025 0.06128133704735376
0 0.56875 0.6601671309192201 0.015625 0.04735376044568245
0 0.565625 0.628133704735376 0.0171875 0.07242339832869081
0 0.07578125 0.8203342618384402 0.0265625 0.04178272980501393
0 0.3359375 0.3788300835654596 0.015625 0.04735376044568245
0 0.9796875 0.8091922005571031 0.0234375 0.06406685236768803
0 0.35703125 0.36908077994428967 0.009375 0.016713091922005572
0 0.5078125 0.5571030640668524 0.0203125 0.04735376044568245
0 0.340625 0.3635097493036212 0.0046875 0.019498607242339833
0 0.34375 0.36768802228412256 0.003125 0.011142061281337047