0 0.459375 0.33298538622129437 0.0109375 0.027139874739039668
0 0.2890625 0.4498956158663883 0.0140625 0.03549060542797495
0 0.4625 0.2056367432150313 0.0109375 0.031315240083507306
0 0.39609375 0.45407098121085593 0.0125 0.029227557411273485
0 0.984375 0.6127348643006263 0.025 0.037578288100208766
0 0.78515625 0.5501043841336117 0.0203125 0.029227557411273485
0 0.7921875 0.5594989561586639 0.021875 0.029227557411273485
0 0.9671875 0.5678496868475992 0.0234375 0.027139874739039668
0 0.7796875 0.5271398747390397 0.0140625 0.020876826722338204
0 0.33125 0.673277661795407 0.0171875 0.03549060542797495
0 0.0109375 0.8152400835073069 0.021875 0.022964509394572025
0 0.4734375 0.20772442588726514 0.009375 0.031315240083507306
0 0.78046875 0.5417536534446764 0.01875 0.029227557411273485
0 0.46328125 0.7922755741127349 0.01875 0.029227557411273485
0 0.43359375 0.7713987473903967 0.0078125 0.014613778705636743
0 0.459375 0.7713987473903967 0.0140625 0.020876826722338204