0 0.5747071428571429 0.0891142857142857 0.017514285714285725 0.0458952380952381
0 0.7006857142857144 0.20002857142857142 0.021085714285714197 0.05436190476190473
0 0.24210714285714285 0.05224761904761905 0.01971428571428575 0.04278095238095238
0 0.39963571428571426 0.7252095238095237 0.022207142857142825 0.05292380952380948
0 0.5764214285714286 0.24414285714285716 0.017407142857142864 0.0475619047619048
0 0.5589000000000001 0.19974285714285714 0.016278571428571455 0.04286666666666665
0 0.7450857142857142 0.15738095238095237 0.01695714285714267 0.05581904761904764
0 0.7680357142857143 0.18512380952380952 0.024871428571428746 0.06065714285714285
0 0.6778428571428571 0.037314285714285716 0.00981428571428573 0.04906666666666667
0 0.6784642857142857 0.06398095238095239 0.009699999999999953 0.039323809523809525
0 0.6674857142857142 0.03784761904761905 0.009871428571428531 0.0356