0 0.8375 0.6125 0.0171875 0.03611111111111111
0 0.8671875 0.6430555555555556 0.015625 0.041666666666666664
0 0.20078125 0.6805555555555556 0.01875 0.058333333333333334
0 0.5296875 0.6597222222222222 0.015625 0.044444444444444446
0 0.5421875 0.5166666666666667 0.0125 0.03611111111111111
0 0.58046875 0.5680555555555555 0.0140625 0.030555555555555555
0 0.38671875 0.6888888888888889 0.01875 0.05555555555555555
0 0.09140625 0.2111111111111111 0.0078125 0.027777777777777776
0 0.2984375 0.5277777777777778 0.0125 0.030555555555555555
0 0.146875 0.07361111111111111 0.0046875 0.013888888888888888
0 0.5890625 0.5902777777777778 0.009375 0.025
0 0.5734375 0.6305555555555555 0.0125 0.03888888888888889