0 0.4501928571428572 0.3440761904761905 0.010128571428571398 0.025409523809523785
0 0.29223571428571427 0.46744761904761906 0.012871428571428556 0.032942857142857204
0 0.4489714285714285 0.2220095238095238 0.008921428571428613 0.03011428571428573
0 0.3947785714285715 0.46419047619047615 0.0113285714285714 0.027847619047619076
0 0.9667999999999999 0.5771523809523809 0.02654999999999994 0.03527619047619055
0 0.7705071428571428 0.5296190476190475 0.01791428571428568 0.025799999999999972
0 0.7778285714285714 0.5387333333333333 0.019164285714285613 0.027628571428571468
0 0.9453142857142858 0.5348285714285714 0.02229285714285716 0.024133333333333222
0 0.7646499999999999 0.5087904761904762 0.012335714285714339 0.018609523809523763
0 0.34057857142857145 0.6777333333333334 0.015778571428571465 0.03237142857142861
0 0.03710714285714286 0.8352857142857142 0.026257142857142847 0.020171428571428625
0 0.45907142857142863 0.22363809523809525 0.00832142857142859 0.029961904761904752
0 0.9847285714285713 0.6101523809523809 0.02829999999999977 0.026085714285714327
0 0.7655999999999998 0.5224666666666667 0.01706428571428571 0.026085714285714386
0 0.4715571428571428 0.7832857142857144 0.0174785714285715 0.027190476190476195
0 0.4422142857142857 0.7652571428571429 0.006242857142857083 0.014428571428571502
0 0.4667714285714285 0.762752380952381 0.012899999999999957 0.018314285714285696