0 0.44678496868475986 0.4062352122477383 0.012609603340292352 0.049315704012989965
0 0.47046450939457196 0.2839434006031083 0.011769311064718124 0.02590582231500807
0 0.46177453027139875 0.29265599628856415 0.006722338204592937 0.03636279285548593
0 0.461356993736952 0.2607747622361401 0.008684759916492802 0.0234098816979819
0 0.5211795407098121 0.3135792159591742 0.011769311064718124 0.011459058223150088
0 0.45126826722338204 0.12329389932730225 0.009248434237995795 0.030387381118070066
0 0.41526096033402926 0.10884713523544422 0.003924843423799551 0.037364880538158195
0 0.41918580375782877 0.09987473903966596 0.0056054279749478296 0.01444676409185802
0 0.6283559498956158 0.1389839944328462 0.00476513569937378 0.04483414520992809
0 0.39830897703549056 0.07696590118302017 0.007567849686847561 0.022417072604964044
0 0.4036325678496868 0.06774298306657388 0.009248434237995795 0.034868939921131985