0 0.67265625 0.5427083333333333 0.01875 0.03125
0 0.65 0.5489583333333333 0.021875 0.035416666666666666
0 0.6671875 0.5697916666666667 0.034375 0.027083333333333334
0 0.5875 0.509375 0.015625 0.052083333333333336
0 0.5953125 0.6 0.0265625 0.041666666666666664
0 0.52890625 0.640625 0.028125 0.03958333333333333
0 0.50703125 0.64375 0.0203125 0.029166666666666667
0 0.5046875 0.609375 0.021875 0.035416666666666666
0 0.48515625 0.6083333333333333 0.01875 0.035416666666666666
0 0.28203125 0.6989583333333333 0.0203125 0.03125
0 0.2953125 0.659375 0.01875 0.0375
0 0.2859375 0.63125 0.028125 0.04375
0 0.27109375 0.6125 0.025 0.041666666666666664
0 0.25 0.6479166666666667 0.0265625 0.0375
0 0.25 0.6697916666666667 0.046875 0.041666666666666664
0 0.20703125 0.559375 0.0203125 0.0375
0 0.1859375 0.5364583333333334 0.0296875 0.03333333333333333