0 0.18393528183716074 0.4988912085363024 0.012223382045928988 0.03161215495244723
0 0.5615240083507308 0.6163210392020413 0.014786012526096038 0.03040593829737885
0 0.6967797494780793 0.5026026443980515 0.009269311064718266 0.021108791463697527
0 0.5888674321503131 0.19943400603108327 0.006487473903966467 0.022973787984226373
0 0.5341805845511483 0.2447877522616562 0.006769311064718053 0.032419392252377575
0 0.5549060542797495 0.524360937137555 0.008194154488517569 0.02250985850150771
0 0.6795146137787056 0.6320018557179309 0.008716075156576153 0.03591742055207606
0 0.5577139874739039 0.430786360473208 0.007526096033402929 0.01443748550220363
0 0.6195041753653444 0.23414520992809093 0.0051513569937368334 0.01689631176061239
0 0.584848643006263 0.16812804453723035 0.003961377870563787 0.023586174901415013
0 0.6201148225469729 0.2395824634655532 0.007066805845511404 0.01938297378798421
0 0.5966805845511483 0.161345395499884 0.006769311064718053 0.022621201577360257
0 0.6118162839248434 0.15288332173509628 0.006122129436325707 0.02270470888424955
0 0.6713883089770356 0.634544189283229 0.008256784968684806 0.02995128740431454
0 0.6152348643006262 0.10779865460450012 0.0054697286012526545 0.02085826954302945
0 0.9477557411273487 0.278431918348411 0.012291231732776709 0.022185107863604732
0 0.6186534446764091 0.12847135235444213 0.0060281837160752975 0.01886337276733935
0 0.5561534446764091 0.14007886801206218 0.007755741127348692 0.029487357921595958
0 0.6821294363256785 0.12934353978195315 0.005704592901878769 0.020450011598237103
0 0.8505845511482255 0.22005103224309902 0.01507828810020868 0.02569241475295756
0 0.945313152400835 0.21875202969148688 0.010057411273486494 0.01773138482950595
0 0.5522442588726513 0.5529482718626769 0.009676409185803791 0.03355138019021114
0 0.9218736951983297 0.27321735096265365 0.01567327766179538 0.02288100208768261
0 0.8085960334029227 0.22982138714915332 0.015365344467640795 0.028615170494084907
0 0.8276356993736952 0.25195082347483183 0.010057411273486494 0.026193458594293714
0 0.804686847599165 0.21929018789144047 0.009561586638830999 0.026379030387381163
0 0.39862734864300625 0.03490605427974947 0.0016179540709811314 0.011496172581767569
0 0.015594989561586638 0.18810484806309438 0.008549060542797497 0.03039665970772442