0 0.81328125 0.5722222222222222 0.0140625 0.03611111111111111
0 0.41015625 0.6333333333333333 0.0171875 0.03333333333333333
0 0.2734375 0.49166666666666664 0.0109375 0.025
0 0.403125 0.19166666666666668 0.0078125 0.025
0 0.4578125 0.24722222222222223 0.009375 0.03611111111111111
0 0.421875 0.5388888888888889 0.009375 0.025
0 0.28515625 0.6305555555555555 0.0109375 0.03888888888888889
0 0.4234375 0.4388888888888889 0.009375 0.016666666666666666
0 0.36875 0.2222222222222222 0.00625 0.019444444444444445
0 0.40859375 0.15833333333333333 0.0046875 0.025
0 0.36796875 0.22777777777777777 0.0078125 0.022222222222222223
0 0.396875 0.15 0.0078125 0.025
0 0.38125 0.1388888888888889 0.0078125 0.025
0 0.29375 0.6347222222222222 0.0109375 0.03333333333333333
0 0.3796875 0.09027777777777778 0.00625 0.022222222222222223
0 0.021875 0.2152777777777778 0.0140625 0.025
0 0.375 0.1111111111111111 0.0078125 0.019444444444444445
0 0.440625 0.13472222222222222 0.009375 0.03333333333333333
0 0.30859375 0.10277777777777777 0.0078125 0.022222222222222223
0 0.1265625 0.16944444444444445 0.0171875 0.030555555555555555
0 0.02734375 0.1527777777777778 0.0109375 0.019444444444444445
0 0.42265625 0.5694444444444444 0.0125 0.03611111111111111
0 0.04921875 0.21388888888888888 0.0171875 0.027777777777777776
0 0.1703125 0.1875 0.0171875 0.03333333333333333
0 0.14921875 0.20694444444444443 0.0125 0.030555555555555555
0 0.175 0.1763888888888889 0.0109375 0.030555555555555555
0 0.6109375 0.05 0.0015625 0.011111111111111112