0 0.72109375 0.31754874651810583 0.0109375 0.027855153203342618
0 0.7171875 0.08635097493036212 0.0078125 0.03064066852367688
0 0.50703125 0.018105849582172703 0.00625 0.027855153203342618
0 0.478125 0.022284122562674095 0.009375 0.022284122562674095
0 0.49375 0.020891364902506964 0.0078125 0.025069637883008356
0 0.7078125 0.318941504178273 0.0125 0.022284122562674095
0 0.71171875 0.2799442896935933 0.0125 0.027855153203342618
0 0.4796875 0.09331476323119778 0.0046875 0.022284122562674095
0 0.48359375 0.022284122562674095 0.00625 0.022284122562674095
0 0.51484375 0.181058495821727 0.0078125 0.019498607242339833
0 0.665625 0.009749303621169917 0.00625 0.019498607242339833
0 0.640625 0.05153203342618384 0.0046875 0.022284122562674095
0 0.646875 0.04874651810584958 0.0078125 0.03064066852367688
0 0.646875 0.02924791086350975 0.0046875 0.011142061281337047
0 0.6203125 0.2520891364902507 0.00625 0.027855153203342618
0 0.59453125 0.24651810584958217 0.0109375 0.013927576601671309
0 0.53515625 0.2520891364902507 0.00625 0.019498607242339833
0 0.60859375 0.5543175487465181 0.0125 0.013927576601671309
0 0.58515625 0.6768802228412256 0.0078125 0.022284122562674095
0 0.6625 0.6406685236768802 0.0078125 0.016713091922005572
0 0.7 0.5877437325905293 0.009375 0.016713091922005572
0 0.7171875 0.6058495821727019 0.00625 0.016713091922005572
0 0.7234375 0.5974930362116991 0.00625 0.025069637883008356
0 0.7875 0.6545961002785515 0.00625 0.027855153203342618
0 0.78046875 0.628133704735376 0.0140625 0.013927576601671309
0 0.825 0.5766016713091922 0.0171875 0.025069637883008356
0 0.83359375 0.5863509749303621 0.0125 0.022284122562674095
0 0.7921875 0.49025069637883006 0.009375 0.027855153203342618
0 0.76328125 0.3816155988857939 0.009375 0.022284122562674095
0 0.82265625 0.6420612813370473 0.0078125 0.019498607242339833
0 0.5453125 0.4596100278551532 0.00625 0.025069637883008356
0 0.4953125 0.06685236768802229 0.0125 0.016713091922005572
0 0.53515625 0.27019498607242337 0.003125 0.005571030640668524