0 0.8609375 0.6760416666666667 0.015625 0.014583333333333334
0 0.84375 0.565625 0.0171875 0.016666666666666666
0 0.79765625 0.49583333333333335 0.0203125 0.010416666666666666
0 0.9265625 0.5010416666666667 0.015625 0.014583333333333334
0 0.60234375 0.31666666666666665 0.0171875 0.016666666666666666
0 0.68828125 0.615625 0.0109375 0.0125
0 0.790625 0.6166666666666667 0.0140625 0.0125
0 0.675 0.7510416666666667 0.0078125 0.0125
0 0.5859375 0.7291666666666666 0.0078125 0.010416666666666666
0 0.5859375 0.7125 0.0109375 0.01875
0 0.46796875 0.7583333333333333 0.00625 0.010416666666666666
0 0.46640625 0.7416666666666667 0.0046875 0.016666666666666666
0 0.5078125 0.7947916666666667 0.0078125 0.014583333333333334
0 0.5046875 0.8020833333333334 0.00625 0.010416666666666666
0 0.49375 0.7989583333333333 0.0140625 0.016666666666666666
0 0.62734375 0.46979166666666666 0.009375 0.008333333333333333
0 0.59765625 0.46979166666666666 0.0078125 0.0125
0 0.62890625 0.440625 0.0078125 0.008333333333333333
0 0.64765625 0.4479166666666667 0.0078125 0.00625
0 0.64140625 0.45729166666666665 0.0078125 0.008333333333333333
0 0.6578125 0.4822916666666667 0.0125 0.008333333333333333
0 0.65703125 0.39166666666666666 0.0109375 0.014583333333333334
0 0.628125 0.38333333333333336 0.0078125 0.010416666666666666
0 0.6125 0.3927083333333333 0.009375 0.008333333333333333
0 0.603125 0.39895833333333336 0.0078125 0.008333333333333333
0 0.61015625 0.41770833333333335 0.0078125 0.008333333333333333
0 0.6875 0.46145833333333336 0.0109375 0.008333333333333333
0 0.90859375 0.35520833333333335 0.0125 0.022916666666666665
0 0.95390625 0.240625 0.01875 0.014583333333333334