0 0.22290000000000001 0.6849015873015873 0.009414285714285686 0.03466666666666656
0 0.06952142857142857 0.6098031746031746 0.009057142857142852 0.03266031746031754
0 0.33300714285714283 0.6783873015873016 0.008514285714285651 0.03399365079365076
0 0.22069999999999998 0.6814222222222222 0.007207142857142923 0.03019682539682533
0 0.17966428571428572 0.7146285714285714 0.012157142857142844 0.03236825396825391
0 0.05189285714285714 0.6007238095238094 0.01129285714285715 0.02919365079365074
0 0.06627857142857144 0.490247619047619 0.010750000000000015 0.02594285714285702
0 0.3470642857142857 0.41441269841269845 0.005642857142857149 0.02829206349206351
0 0.3328428571428571 0.7866920634920636 0.011071428571428576 0.0259682539682539
0 0.3191642857142857 0.8712380952380953 0.011071428571428576 0.02135873015873023
0 0.31688571428571427 0.885142857142857 0.010421428571428581 0.01906031746031734
0 0.3191642857142857 0.9015492063492063 0.012378571428571484 0.02176507936507935