0 0.41723571428571427 0.5358095238095238 0.007464285714285701 0.01964761904761918
0 0.42065714285714284 0.4427047619047618 0.006485714285714294 0.01736190476190475
0 0.4055142857142857 0.5091142857142857 0.008714285714285808 0.018466666666666735
0 0.4094214285714286 0.28694285714285717 0.0040214285714286644 0.012447619047619086
0 0.3796357142857143 0.4570285714285714 0.005685714285714294 0.01460000000000008
0 0.39111428571428564 0.4687523809523809 0.0069285714285714835 0.016638095238095237
0 0.5356428571428571 0.45475238095238096 0.006671428571428528 0.019266666666666647
0 0.01102857142857143 0.06990476190476191 0.005257142857142859 0.010714285714285706
0 0.008614285714285715 0.11083809523809522 0.007257142857142856 0.007790476190476199
0 0.35839999999999994 0.3308952380952381 0.006464285714285723 0.016761904761904724
0 0.05835 0.07185714285714286 0.0053214285714285655 0.008990476190476186
0 0.4035642857142857 0.3359333333333333 0.004642857142857082 0.015057142857142835
0 0.04394285714285715 0.07511428571428572 0.007035714285714289 0.008352380952380964
0 0.39380000000000004 0.33691428571428567 0.006264285714285745 0.015466666666666622
0 0.06585714285714286 0.13126666666666667 0.006142857142857139 0.01198095238095235
0 0.13720714285714286 0.6777333333333334 0.010735714285714248 0.01897142857142858
0 0.03802142857142857 0.09155238095238095 0.005164285714285721 0.011085714285714261
0 0.2651357142857143 0.4869809523809524 0.00641428571428575 0.013342857142857175
0 0.42505000000000004 0.47428571428571425 0.006485714285714294 0.016704761904761868
0 0.5258785714285714 0.46517142857142857 0.008000000000000007 0.018323809523809586
0 0.2534214285714286 0.3473333333333333 0.006071428571428594 0.014371428571428643
0 0.37646428571428564 0.34960952380952376 0.005728571428571439 0.016009523809523786
0 0.1159642857142857 0.7298190476190475 0.014178571428571462 0.01619047619047625
0 0.14135714285714285 0.578447619047619 0.008642857142857174 0.01911428571428573
0 0.13257142857142856 0.7350285714285714 0.01804999999999999 0.019333333333333275
0 0.2522 0.29019999999999996 0.0074857142857142735 0.01464761904761905
0 0.07183571428571428 0.031104761904761902 0.012828571428571434 0.009647619047619049
0 0.39897142857142853 0.3488095238095238 0.0033642857142857086 0.015266666666666614
0 0.23298571428571427 0.3521714285714285 0.004714285714285715 0.013914285714285768
0 0.23500714285714283 0.2897714285714285 0.003364285714285753 0.00942857142857143
0 0.37910714285714286 0.3535809523809524 0.0023571428571428576 0.01476190476190477
0 0.3855857142857143 0.35310476190476187 0.00447857142857142 0.013190476190476256
0 0.3828785714285714 0.3465142857142857 0.0032999999999999475 0.00942857142857143
0 0.6106642857142857 0.5098761904761905 0.005928571428571417 0.013657142857142783
0 0.6070285714285715 0.5017904761904762 0.0051214285714285875 0.01544761904761908