0 0.09170500000000001 0.3277466666666667 0.008050000000000002 0.02087333333333324
0 0.09931000000000001 0.32804666666666665 0.007155000000000011 0.017893333333333317
0 0.10400499999999999 0.22545333333333334 0.006709999999999994 0.015506666666666646
0 0.09640000000000001 0.22784000000000001 0.004919999999999991 0.011926666666666641
0 0.13352999999999998 0.8472466666666666 0.014759999999999973 0.02803333333333337
0 0.14001499999999997 0.8213066666666667 0.012524999999999986 0.027433333333333348
0 0.206445 0.8329333333333334 0.018339999999999978 0.04711999999999984
0 0.5986100000000001 0.24266666666666667 0.006575000000000131 0.012399999999999996
0 0.6099500000000001 0.18990000000000004 0.006575000000000131 0.009073333333333326
0 0.5613049999999999 0.09419333333333334 0.0027200000000000557 0.008166666666666671
0 0.561465 0.30233333333333334 0.0042950000000001156 0.01640000000000003
0 0.134495 0.3572933333333334 0.007779999999999987 0.018013333333333274