0 0.28125 0.06111111111111111 0.0078125 0.030555555555555555
0 0.3671875 0.03888888888888889 0.0078125 0.030555555555555555
0 0.428125 0.10277777777777777 0.00625 0.027777777777777776
0 0.55078125 0.1361111111111111 0.0078125 0.025
0 0.43828125 0.2263888888888889 0.00625 0.025
0 0.44453125 0.2263888888888889 0.00625 0.022222222222222223
0 0.45390625 0.2263888888888889 0.009375 0.025
0 0.4671875 0.2222222222222222 0.0078125 0.027777777777777776
0 0.43828125 0.275 0.00625 0.025
0 0.484375 0.4666666666666667 0.00625 0.025
0 0.5 0.4875 0.00625 0.027777777777777776
0 0.47890625 0.37777777777777777 0.0078125 0.013888888888888888
0 0.47890625 0.37083333333333335 0.0078125 0.011111111111111112
0 0.5578125 0.4236111111111111 0.0078125 0.025
0 0.59921875 0.4236111111111111 0.00625 0.022222222222222223
0 0.58671875 0.22777777777777777 0.00625 0.025
0 0.59453125 0.2222222222222222 0.0078125 0.025
0 0.58984375 0.20972222222222223 0.00625 0.011111111111111112
0 0.6828125 0.275 0.0109375 0.030555555555555555
0 0.67265625 0.4388888888888889 0.009375 0.019444444444444445
0 0.675 0.45555555555555555 0.0109375 0.016666666666666666
0 0.68203125 0.48055555555555557 0.0078125 0.022222222222222223
0 0.71171875 0.5263888888888889 0.0046875 0.013888888888888888
0 0.72578125 0.5541666666666667 0.0078125 0.025
0 0.51640625 0.6375 0.0078125 0.030555555555555555
0 0.61640625 0.7638888888888888 0.015625 0.022222222222222223
0 0.5625 0.8597222222222223 0.009375 0.019444444444444445
0 0.62421875 0.8263888888888888 0.0171875 0.030555555555555555
0 0.70703125 0.7861111111111111 0.00625 0.013888888888888888
0 0.7125 0.7763888888888889 0.0078125 0.027777777777777776
0 0.6859375 0.7638888888888888 0.0078125 0.016666666666666666
0 0.80234375 0.7361111111111112 0.015625 0.027777777777777776
0 0.81328125 0.7416666666666667 0.0125 0.022222222222222223
0 0.76015625 0.7916666666666666 0.015625 0.016666666666666666
0 0.8046875 0.8027777777777778 0.0109375 0.025
0 0.775 0.8430555555555556 0.0125 0.030555555555555555
0 0.5875 0.7236111111111111 0.015625 0.025
0 0.6171875 0.7319444444444444 0.0078125 0.019444444444444445