0 0.5793220669449108 0.564831912254283 0.03011679210208964 0.05530882574723369
0 0.480712890625 0.5387369791666666 0.0268096923828125 0.0736083984375
0 0.430908203125 0.5576171875 0.0224151611328125 0.068359375
0 0.468505859375 0.24479166666666666 0.0180206298828125 0.053670247395833336
0 0.4560546875 0.5309244791666666 0.0217742919921875 0.06599934895833333
0 0.51953125 0.5732421875 0.02886962890625 0.08414713541666667
0 0.3056640625 0.3064778645833333 0.0200653076171875 0.051472981770833336
0 0.499267578125 0.044718424479166664 0.01073455810546875 0.0450439453125
0 0.376708984375 0.3649088541666667 0.015838623046875 0.0465087890625
0 0.20556640625 0.020334879557291668 0.0153045654296875 0.03857421875
0 0.54345703125 0.11287434895833333 0.0162811279296875 0.052571614583333336
0 0.4287109375 0.2989908854166667 0.0147857666015625 0.056437174479166664
0 0.395751953125 0.0296630859375 0.010009765625 0.043131510416666664
0 0.30517578125 0.3658854166666667 0.0194244384765625 0.047322591145833336
0 0.409912109375 0.30419921875 0.012481689453125 0.044270833333333336