0 0.55546875 0.6309192200557103 0.0125 0.06128133704735376
0 0.5234375 0.628133704735376 0.0140625 0.055710306406685235
0 0.53828125 0.6309192200557103 0.0140625 0.052924791086350974
0 0.51015625 0.6392757660167131 0.0109375 0.05013927576601671
0 0.484375 0.6406685236768802 0.0109375 0.04178272980501393
0 0.26015625 0.3579387186629526 0.00625 0.019498607242339833
0 0.29140625 0.5334261838440112 0.00625 0.022284122562674095
0 0.29765625 0.5362116991643454 0.00625 0.025069637883008356
0 0.52109375 0.6128133704735376 0.0078125 0.025069637883008356
0 0.28046875 0.3565459610027855 0.003125 0.011142061281337047
0 0.271875 0.3565459610027855 0.0046875 0.016713091922005572
0 0.31328125 0.3008356545961003 0.003125 0.013927576601671309
0 0.303125 0.3022284122562674 0.0046875 0.016713091922005572
0 0.296875 0.3022284122562674 0.0046875 0.016713091922005572
0 0.353125 0.29108635097493035 0.0046875 0.013927576601671309
0 0.34375 0.2924791086350975 0.0078125 0.016713091922005572
0 0.30078125 0.31337047353760444 0.00625 0.019498607242339833
0 0.43125 0.26740947075208915 0.003125 0.013927576601671309
0 0.53984375 0.6128133704735376 0.0078125 0.013927576601671309
0 0.51640625 0.29526462395543174 0.0046875 0.013927576601671309
0 0.2953125 0.5515320334261838 0.0109375 0.04456824512534819
0 0.40546875 0.27715877437325903 0.0046875 0.011142061281337047
0 0.40859375 0.2757660167130919 0.0046875 0.011142061281337047
0 0.4265625 0.26880222841225626 0.00625 0.016713091922005572
0 0.38046875 0.2799442896935933 0.003125 0.016713091922005572