0 0.17421875 0.48854166666666665 0.0171875 0.027083333333333334
0 0.1421875 0.4979166666666667 0.009375 0.03333333333333333
0 0.15078125 0.5020833333333333 0.00625 0.03333333333333333
0 0.16484375 0.5114583333333333 0.015625 0.03125
0 0.253125 0.5541666666666667 0.021875 0.04375
0 0.26484375 0.559375 0.0203125 0.03958333333333333
0 0.65625 0.665625 0.015625 0.052083333333333336
0 0.67265625 0.6729166666666667 0.0171875 0.05625
0 0.659375 0.6270833333333333 0.0203125 0.029166666666666667
0 0.675 0.6416666666666667 0.01875 0.03333333333333333
0 0.7015625 0.6614583333333334 0.0234375 0.04791666666666667
0 0.65625 0.6072916666666667 0.01875 0.03125
0 0.75703125 0.66875 0.015625 0.0375
0 0.7359375 0.70625 0.0234375 0.052083333333333336
0 0.80390625 0.7229166666666667 0.0296875 0.05416666666666667
0 0.9859375 0.6135416666666667 0.0265625 0.04583333333333333
0 0.95234375 0.6104166666666667 0.0265625 0.05416666666666667
0 0.93515625 0.6041666666666666 0.01875 0.05
0 0.91796875 0.5822916666666667 0.0203125 0.035416666666666666
0 0.85078125 0.5395833333333333 0.0171875 0.029166666666666667
0 0.8171875 0.5416666666666666 0.025 0.041666666666666664
0 0.8375 0.55 0.01875 0.03125
0 0.775 0.4197916666666667 0.015625 0.03333333333333333
0 0.75 0.41041666666666665 0.0140625 0.027083333333333334
0 0.76328125 0.409375 0.0125 0.03333333333333333
0 0.875 0.578125 0.025 0.04791666666666667
0 0.8984375 0.5875 0.028125 0.05416666666666667