0 0.62578125 0.6302083333333334 0.01875 0.020833333333333332
0 0.7 0.8 0.0140625 0.022916666666666665
0 0.678125 0.6729166666666667 0.0109375 0.01875
0 0.6625 0.8041666666666667 0.0140625 0.022916666666666665
0 0.5625 0.7458333333333333 0.009375 0.020833333333333332
0 0.671875 0.8333333333333334 0.015625 0.022916666666666665
0 0.58515625 0.89375 0.0109375 0.020833333333333332
0 0.7875 0.7458333333333333 0.0125 0.016666666666666666
0 0.75078125 0.821875 0.0109375 0.01875
0 0.54453125 0.5135416666666667 0.009375 0.020833333333333332
0 0.5640625 0.49375 0.0078125 0.022916666666666665
0 0.51171875 0.5229166666666667 0.0078125 0.01875
0 0.53828125 0.47708333333333336 0.0078125 0.01875
0 0.5703125 0.4395833333333333 0.0078125 0.020833333333333332
0 0.53203125 0.434375 0.0078125 0.01875
0 0.50234375 0.4583333333333333 0.00625 0.022916666666666665
0 0.49296875 0.45208333333333334 0.00625 0.022916666666666665
0 0.48984375 0.47291666666666665 0.009375 0.01875
0 0.48515625 0.46145833333333336 0.00625 0.016666666666666666
0 0.48203125 0.45 0.0078125 0.016666666666666666
0 0.79140625 0.19166666666666668 0.009375 0.01875
0 0.7203125 0.259375 0.00625 0.01875
0 0.51875 0.3145833333333333 0.00625 0.010416666666666666
0 0.1671875 0.4041666666666667 0.0046875 0.014583333333333334
0 0.08828125 0.46041666666666664 0.0078125 0.014583333333333334
0 0.05078125 0.5052083333333334 0.009375 0.020833333333333332