0 0.821875 0.47214484679665736 0.0125 0.033426183844011144
0 0.44453125 0.6267409470752089 0.015625 0.033426183844011144
0 0.3046875 0.5250696378830083 0.009375 0.022284122562674095
0 0.4046875 0.2075208913649025 0.0078125 0.025069637883008356
0 0.4609375 0.2479108635097493 0.0078125 0.033426183844011144
0 0.4484375 0.5334261838440112 0.009375 0.022284122562674095
0 0.32578125 0.6545961002785515 0.009375 0.036211699164345405
0 0.44296875 0.4387186629526462 0.0078125 0.013927576601671309
0 0.375 0.24512534818941503 0.00625 0.016713091922005572
0 0.4078125 0.17548746518105848 0.0046875 0.025069637883008356
0 0.37421875 0.25069637883008355 0.0078125 0.019498607242339833
0 0.3953125 0.16991643454038996 0.0078125 0.022284122562674095
0 0.38046875 0.16295264623955433 0.00625 0.022284122562674095
0 0.334375 0.6559888579387186 0.009375 0.03064066852367688
0 0.375 0.116991643454039 0.00625 0.022284122562674095
0 0.04453125 0.32172701949860727 0.0125 0.022284122562674095
0 0.37265625 0.1392757660167131 0.00625 0.019498607242339833
0 0.4359375 0.14484679665738162 0.009375 0.03064066852367688
0 0.30859375 0.14623955431754876 0.00625 0.022284122562674095
0 0.14140625 0.25348189415041783 0.015625 0.027855153203342618
0 0.0453125 0.2604456824512535 0.0109375 0.019498607242339833
0 0.45234375 0.5626740947075209 0.0109375 0.036211699164345405
0 0.07109375 0.31337047353760444 0.0171875 0.025069637883008356
0 0.18359375 0.2590529247910863 0.015625 0.03064066852367688
0 0.165625 0.2841225626740947 0.0109375 0.027855153203342618
0 0.1875 0.2479108635097493 0.0109375 0.027855153203342618
0 0.59140625 0.023676880222841225 0.0015625 0.011142061281337047
0 0.9828125 0.14206128133704735 0.009375 0.03064066852367688