0 0.7368142857142856 0.359047619047619 0.012671428571428578 0.017904761904761913
0 0.31103571428571425 0.15332380952380953 0.01009285714285717 0.024857142857142852
0 0.7109357142857142 0.37825714285714285 0.010614285714285642 0.011619047619047624
0 0.4282214285714286 0.4436857142857143 0.007428571428571474 0.017561904761904758
0 0.3505857142857143 0.11042857142857142 0.010057142857142853 0.024495238095238094
0 0.7910142857142858 0.3600285714285714 0.008414285714285796 0.020257142857142797
0 0.6376928571428572 0.4986952380952381 0.01363571428571415 0.01540000000000011
0 0.076 0.2884190476190476 0.01924999999999999 0.022571428571428596
0 0.0841857142857143 0.2795619047619048 0.01835714285714285 0.025476190476190534
0 0.09132857142857143 0.27664761904761903 0.017164285714285722 0.022828571428571465
0 0.0994142857142857 0.3920571428571428 0.01845714285714284 0.01633333333333328
0 0.04925714285714285 0.20903809523809525 0.018749999999999996 0.02492380952380954
0 0.05689999999999999 0.20281904761904762 0.019742857142857128 0.023600000000000006
0 0.05922857142857143 0.18654285714285715 0.01785714285714286 0.021219047619047575
0 0.07837857142857144 0.12634285714285715 0.008535714285714268 0.011923809523809522
0 0.02192857142857143 0.13732380952380951 0.019442857142857144 0.024371428571428547
0 0.016171428571428573 0.14221904761904763 0.019842857142857145 0.02622857142857143
0 0.017607142857142856 0.18125714285714287 0.01855 0.02333333333333331
0 0.04271428571428571 0.2196190476190476 0.021135714285714292 0.01911428571428573
0 0.0671642857142857 0.24303809523809522 0.015871428571428557 0.018323809523809527
0 0.13656428571428572 0.5427238095238096 0.01359285714285714 0.013676190476190443
0 0.16082142857142856 0.534447619047619 0.010321428571428547 0.015390476190476222
0 0.12768571428571426 0.566342857142857 0.00833571428571429 0.010904761904762002
0 0.9635785714285714 0.5815999999999999 0.03008571428571436 0.01024761904761912
0 0.9576428571428572 0.5950190476190476 0.018814285714285717 0.01293333333333327
0 0.9576928571428571 0.6185333333333334 0.028578571428571564 0.020123809523809655
0 0.2285357142857143 0.020085714285714294 0.010807142857142881 0.03434285714285714
0 0.35274285714285714 0.09748571428571427 0.00945714285714283 0.02750476190476189
0 0.07999999999999999 0.02119047619047619 0.017335714285714298 0.026571428571428572
0 0.08535714285714285 0.012380952380952381 0.019285714285714285 0.024761904761904763
0 0.07204285714285714 0.12225714285714286 0.008328571428571418 0.01022857142857143