0 0.2703125 0.5944444444444444 0.0046875 0.016666666666666666
0 0.05625 0.6069444444444444 0.0046875 0.011111111111111112
0 0.06328125 0.6 0.00625 0.011111111111111112
0 0.0640625 0.6111111111111112 0.0046875 0.011111111111111112
0 0.08203125 0.6319444444444444 0.00625 0.011111111111111112
0 0.06796875 0.6194444444444445 0.00625 0.011111111111111112
0 0.065625 0.6236111111111111 0.00625 0.013888888888888888
0 0.13515625 0.5958333333333333 0.0046875 0.008333333333333333
0 0.11875 0.5902777777777778 0.0046875 0.008333333333333333
0 0.115625 0.5805555555555556 0.003125 0.008333333333333333
0 0.1828125 0.6208333333333333 0.003125 0.008333333333333333
0 0.18671875 0.6125 0.003125 0.005555555555555556
0 0.1734375 0.6527777777777778 0.0046875 0.011111111111111112
0 0.178125 0.6388888888888888 0.0046875 0.008333333333333333
0 0.165625 0.6541666666666667 0.0046875 0.008333333333333333
0 0.1640625 0.65 0.003125 0.008333333333333333
0 0.046875 0.4986111111111111 0.003125 0.008333333333333333
0 0.05078125 0.5027777777777778 0.0046875 0.005555555555555556
0 0.0703125 0.4791666666666667 0.003125 0.008333333333333333
0 0.07421875 0.475 0.003125 0.008333333333333333
0 0.0890625 0.4305555555555556 0.0046875 0.005555555555555556
0 0.071875 0.45555555555555555 0.003125 0.011111111111111112
0 0.0609375 0.4777777777777778 0.003125 0.008333333333333333
0 0.06171875 0.46111111111111114 0.003125 0.008333333333333333
0 0.05546875 0.4305555555555556 0.0046875 0.008333333333333333
0 0.059375 0.42916666666666664 0.0046875 0.008333333333333333
0 0.0671875 0.42777777777777776 0.0046875 0.008333333333333333
0 0.07109375 0.41944444444444445 0.0046875 0.013888888888888888
0 0.059375 0.4111111111111111 0.003125 0.008333333333333333
0 0.096875 0.375 0.00625 0.013888888888888888
0 0.0953125 0.4986111111111111 0.003125 0.008333333333333333
0 0.11171875 0.6916666666666667 0.0078125 0.013888888888888888
0 0.12265625 0.6972222222222222 0.00625 0.013888888888888888
0 0.09765625 0.4027777777777778 0.0078125 0.016666666666666666
0 0.1 0.4791666666666667 0.0046875 0.013888888888888888
0 0.10703125 0.4777777777777778 0.0046875 0.016666666666666666
0 0.1078125 0.5791666666666667 0.00625 0.008333333333333333
0 0.00234375 0.5194444444444445 0.0046875 0.008333333333333333
0 0.29609375 0.5291666666666667 0.003125 0.011111111111111112