0 0.353125 0.49164926931106473 0.00625 0.012526096033402923
0 0.38984375 0.5594989561586639 0.00625 0.016701461377870562
0 0.37421875 0.5198329853862212 0.0046875 0.014613778705636743
0 0.32578125 0.4906054279749478 0.0046875 0.014613778705636743
0 0.3421875 0.47286012526096033 0.0046875 0.014613778705636743
0 0.325 0.47286012526096033 0.00625 0.016701461377870562
0 0.25390625 0.4551148225469729 0.0046875 0.012526096033402923
0 0.3984375 0.5031315240083507 0.0046875 0.014613778705636743
0 0.40625 0.5135699373695198 0.00625 0.010438413361169102
0 0.4046875 0.4979123173277662 0.0046875 0.012526096033402923
0 0.403125 0.48956158663883087 0.0015625 0.006263048016701462
0 0.40234375 0.4791231732776618 0.0046875 0.014613778705636743
0 0.41484375 0.49269311064718163 0.0046875 0.012526096033402923
0 0.41875 0.5 0.003125 0.010438413361169102
0 0.42109375 0.5 0.003125 0.010438413361169102
0 0.4265625 0.5083507306889353 0.003125 0.010438413361169102
0 0.425 0.4979123173277662 0.003125 0.010438413361169102
0 0.428125 0.4979123173277662 0.003125 0.008350730688935281
0 0.45703125 0.325678496868476 0.003125 0.010438413361169102
0 0.4625 0.325678496868476 0.0015625 0.008350730688935281