0 0.31953125 0.25 0.015625 0.03333333333333333
0 0.40703125 0.06041666666666667 0.0109375 0.03125
0 0.3421875 0.021875 0.0109375 0.03125
0 0.43671875 0.403125 0.0140625 0.03333333333333333
0 0.1625 0.209375 0.0171875 0.03125
0 0.0609375 0.3489583333333333 0.021875 0.03125
0 0.30390625 0.5083333333333333 0.01875 0.029166666666666667
0 0.715625 0.2635416666666667 0.0125 0.025
0 0.415625 0.44375 0.009375 0.027083333333333334
0 0.465625 0.42083333333333334 0.0109375 0.029166666666666667
0 0.38203125 0.4947916666666667 0.0109375 0.022916666666666665
0 0.43984375 0.34479166666666666 0.0140625 0.022916666666666665
0 0.31171875 0.24583333333333332 0.0109375 0.025
0 0.88515625 0.7072916666666667 0.0203125 0.025
0 0.66171875 0.44166666666666665 0.015625 0.03333333333333333
0 0.596875 0.23854166666666668 0.015625 0.022916666666666665