0 0.34049582463465555 0.5552029691486894 0.007599164926931046 0.03412665274878211
0 0.3488048016701461 0.6048619809788912 0.01157098121085598 0.03808861053119917
0 0.34783924843423797 0.5778148921363953 0.007927974947807925 0.028188355369983892
0 0.3797651356993737 0.5762932034330782 0.00878392484342374 0.022092321967060968
0 0.39904488517745307 0.5682950591510091 0.00878392484342374 0.035806077476223504
0 0.4959185803757828 0.342491301322199 0.006242171189979118 0.013528183716075167
0 0.5303549060542797 0.4331895151936906 0.007218162839248343 0.033291579679888626
0 0.5367901878914405 0.44133611691022967 0.006826722338204583 0.03225237763859891
0 0.5417693110647182 0.4487961029923452 0.005464509394571948 0.03051728137323124
0 0.5476200417536534 0.4586778009742519 0.005850730688935357 0.02878218510786357
0 0.6050730688935281 0.394173045697054 0.003705636743215024 0.026703781025284142
0 0.5874164926931107 0.4042310368823939 0.005850730688935357 0.02809556947344005
0 0.5907359081419623 0.4026629552308049 0.003121085594989559 0.02636047320807238
0 0.596393528183716 0.4045743446996056 0.0039039665970772575 0.025321271166782663
0 0.5983455114822547 0.39902574808629093 0.003512526096033497 0.026007886801206186
0 0.47010438413361166 0.26943168638366966 0.003460334029227674 0.022398515425655317
0 0.47553757828810017 0.2731616794247274 0.0039509394572025515 0.020199489677568985
0 0.4897442588726514 0.2092600324750638 0.0032098121085596177 0.021517049408489915
0 0.49505219206680584 0.2081651588958478 0.003460334029227674 0.02108095569473439
0 0.510490605427975 0.22661099512874042 0.0032098121085596177 0.021962421711899792
0 0.5171607515657619 0.22749246114590582 0.004201461377870608 0.021962421711899792
0 0.0612839248434238 0.8184365576432383 0.006007306889352804 0.025098585015077723
0 0.07314718162839248 0.8173695198329854 0.018924843423799586 0.04432382277893762
0 0.09012004175365343 0.8114961725817675 0.012614822546972859 0.025098585015077723
0 0.7474217118997912 0.3198329853862213 0.004274530271398724 0.01629320343307812
0 0.7466597077244258 0.33829737879842264 0.0076356993736952814 0.02172117838088607