0 0.41171875 0.07291666666666667 0.00625 0.016666666666666666
0 0.303125 0.05 0.00625 0.016666666666666666
0 0.4125 0.078125 0.00625 0.016666666666666666
0 0.490625 0.159375 0.009375 0.025
0 0.32890625 0.041666666666666664 0.00625 0.016666666666666666
0 0.50390625 0.15416666666666667 0.0140625 0.027083333333333334
0 0.47578125 0.121875 0.0078125 0.014583333333333334
0 0.44765625 0.24791666666666667 0.0125 0.03125
0 0.4671875 0.125 0.00625 0.014583333333333334
0 0.45390625 0.27291666666666664 0.009375 0.029166666666666667
0 0.21328125 0.36354166666666665 0.0140625 0.035416666666666666
0 0.328125 0.5020833333333333 0.0125 0.029166666666666667
0 0.46953125 0.48854166666666665 0.0140625 0.0375
0 0.4484375 0.196875 0.009375 0.027083333333333334
0 0.4609375 0.490625 0.009375 0.03333333333333333
0 0.45078125 0.490625 0.0140625 0.03958333333333333
0 0.33671875 0.5197916666666667 0.0125 0.03958333333333333
0 0.33984375 0.5364583333333334 0.0125 0.027083333333333334
0 0.3234375 0.15625 0.009375 0.027083333333333334
0 0.42890625 0.21145833333333333 0.0078125 0.025
0 0.43046875 0.13333333333333333 0.0078125 0.025