0 0.1984375 0.7 0.0109375 0.03888888888888889
0 0.0296875 0.6347222222222222 0.0109375 0.03611111111111111
0 0.31796875 0.6819444444444445 0.0109375 0.03888888888888889
0 0.19609375 0.6958333333333333 0.009375 0.03333333333333333
0 0.15234375 0.7361111111111112 0.0140625 0.03611111111111111
0 0.01015625 0.6263888888888889 0.0125 0.03333333333333333
0 0.02265625 0.5041666666666667 0.0125 0.030555555555555555
0 0.32421875 0.39444444444444443 0.00625 0.030555555555555555
0 0.32109375 0.7986111111111112 0.0125 0.030555555555555555
0 0.30859375 0.8916666666666667 0.0125 0.025
0 0.30703125 0.9069444444444444 0.0125 0.022222222222222223
0 0.31015625 0.925 0.0140625 0.025