0 0.4447286012526096 0.6239109255393179 0.010485386221294312 0.060060310832753476
0 0.47656054279749477 0.6236975179772675 0.013376826722338286 0.054224077940153215
0 0.461670146137787 0.6254326142426351 0.012426931106471705 0.052516817443748524
0 0.4892588726513569 0.63541637671074 0.009164926931106442 0.048935281837160796
0 0.5146503131524008 0.6380236604036186 0.0094154488517745 0.04023196474135915
0 0.7431628392484343 0.37218278821619116 0.005260960334029186 0.01886337276733943
0 0.7085855949895616 0.5444861980978891 0.006430062630480293 0.020839712363720744
0 0.7026356993736952 0.5455717930874507 0.006388308977035351 0.023697517977267383
0 0.4787578288100208 0.6085084667130597 0.007150313152400933 0.025200649501275842
0 0.7229697286012526 0.36955694734400374 0.002980167014613855 0.011477615402458872
0 0.731445720250522 0.370011598237068 0.0042797494780792535 0.016098353050336318
0 0.6914039665970773 0.31206680584551144 0.003429018789144145 0.014734400371143548
0 0.7016597077244259 0.3138019021108791 0.004592901878914546 0.015189051264207857
0 0.7080062630480166 0.31467408953839016 0.005041753653444658 0.01591278125724887
0 0.6518580375782881 0.30034794711203894 0.00416492693110655 0.01331477615402458
0 0.6611325678496869 0.30143354210160056 0.007520876826722223 0.016033402922755693
0 0.7041022964509394 0.3246485734168406 0.0056628392484341815 0.01829737879842265
0 0.5751931106471816 0.27170494084899094 0.0035490605427975553 0.014604500115982372
0 0.4599634655532359 0.6076362792855485 0.0076356993736952814 0.012860125260960191
0 0.48998956158663887 0.2933982834609139 0.004608559498956133 0.014224077940153122
0 0.7045876826722338 0.561196938065414 0.010208768267223434 0.04432382277893762
0 0.6000991649269312 0.2823382045929019 0.0040553235908141975 0.010392020412897314
0 0.5976565762004175 0.28102992345163536 0.004347599164926841 0.011533286940384989
0 0.5795876826722338 0.2734400371143586 0.00575156576200424 0.015485966133147776
0 0.625490605427975 0.28689399211319877 0.0030636743215030292 0.016924147529575526