0 0.3515625 0.5668523676880223 0.009375 0.036211699164345405
0 0.36171875 0.616991643454039 0.0125 0.04178272980501393
0 0.359375 0.5891364902506964 0.009375 0.03064066852367688
0 0.39296875 0.584958217270195 0.009375 0.025069637883008356
0 0.4125 0.575208913649025 0.0109375 0.03899721448467967
0 0.50625 0.33008356545961004 0.00625 0.013927576601671309
0 0.54453125 0.4220055710306407 0.0078125 0.036211699164345405
0 0.5515625 0.42896935933147634 0.0078125 0.033426183844011144
0 0.55703125 0.435933147632312 0.00625 0.033426183844011144
0 0.56328125 0.4456824512534819 0.00625 0.03064066852367688
0 0.6203125 0.3732590529247911 0.0046875 0.027855153203342618
0 0.60234375 0.38579387186629527 0.00625 0.03064066852367688
0 0.60625 0.38440111420612816 0.0046875 0.027855153203342618
0 0.61171875 0.38579387186629527 0.0046875 0.027855153203342618
0 0.6140625 0.3788300835654596 0.0046875 0.027855153203342618
0 0.47734375 0.2576601671309192 0.0046875 0.022284122562674095
0 0.4828125 0.2604456824512535 0.0046875 0.022284122562674095
0 0.4953125 0.19220055710306408 0.0046875 0.022284122562674095
0 0.50078125 0.19080779944289694 0.0046875 0.022284122562674095
0 0.5171875 0.20891364902506965 0.0046875 0.022284122562674095
0 0.52421875 0.20891364902506965 0.0046875 0.022284122562674095
0 0.0703125 0.8676880222841226 0.00625 0.027855153203342618
0 0.08203125 0.8649025069637883 0.0203125 0.04735376044568245
0 0.1 0.8579387186629527 0.0140625 0.027855153203342618
0 0.765625 0.2827298050139276 0.0046875 0.016713091922005572
0 0.765625 0.3022284122562674 0.0078125 0.022284122562674095