0 0.3453125 0.68125 0.025 0.04375
0 0.43828125 0.5708333333333333 0.0125 0.03958333333333333
0 0.42109375 0.7697916666666667 0.0203125 0.04791666666666667
0 0.425 0.8114583333333333 0.01875 0.06458333333333334
0 0.484375 0.5010416666666667 0.0078125 0.029166666666666667
0 0.47109375 0.5739583333333333 0.015625 0.03958333333333333
0 0.59140625 0.5166666666666667 0.009375 0.035416666666666666
0 0.42578125 0.7375 0.009375 0.03958333333333333
0 0.46328125 0.5770833333333333 0.0078125 0.03958333333333333
0 0.46484375 0.565625 0.00625 0.022916666666666665
0 0.08359375 0.42291666666666666 0.0046875 0.0125
0 0.08828125 0.42083333333333334 0.0046875 0.008333333333333333
0 0.39140625 0.7104166666666667 0.021875 0.04375
0 0.80078125 0.4625 0.0140625 0.027083333333333334
0 0.7953125 0.4625 0.00625 0.022916666666666665