0 0.60625 0.4572025052192067 0.0078125 0.018789144050104383
0 0.5609375 0.42066805845511485 0.00625 0.016701461377870562
0 0.87578125 0.8298538622129437 0.0171875 0.029227557411273485
0 0.52890625 0.3883089770354906 0.0078125 0.016701461377870562
0 0.59921875 0.3935281837160752 0.00625 0.016701461377870562
0 0.0046875 0.9436325678496869 0.009375 0.025052192066805846
0 0.5203125 0.407098121085595 0.0078125 0.012526096033402923
0 0.5984375 0.4164926931106472 0.0046875 0.012526096033402923
0 0.615625 0.39979123173277664 0.0046875 0.012526096033402923
0 0.6296875 0.4175365344467641 0.003125 0.014613778705636743
0 0.62578125 0.407098121085595 0.0046875 0.012526096033402923
0 0.615625 0.4331941544885177 0.0078125 0.016701461377870562
0 0.61171875 0.418580375782881 0.00625 0.010438413361169102
0 0.62265625 0.4196242171189979 0.0046875 0.012526096033402923
0 0.61875 0.4154488517745303 0.0046875 0.012526096033402923
0 0.553125 0.3893528183716075 0.00625 0.018789144050104383
0 0.5875 0.4123173277661795 0.0046875 0.016701461377870562
0 0.59375 0.39979123173277664 0.0046875 0.012526096033402923
0 0.46484375 0.3663883089770355 0.003125 0.014613778705636743
0 0.56015625 0.4290187891440501 0.003125 0.014613778705636743
0 0.66171875 0.23382045929018788 0.0015625 0.010438413361169102
0 0.665625 0.22964509394572025 0.003125 0.008350730688935281
0 0.66875 0.2359081419624217 0.003125 0.008350730688935281
0 0.675 0.23382045929018788 0.003125 0.008350730688935281
0 0.64453125 0.22755741127348644 0.0046875 0.010438413361169102
0 0.73671875 0.31524008350730687 0.003125 0.010438413361169102
0 0.740625 0.3162839248434238 0.003125 0.010438413361169102