0 0.58671875 0.5604166666666667 0.0359375 0.0625
0 0.4859375 0.5208333333333334 0.0328125 0.08125
0 0.43203125 0.534375 0.028125 0.075
0 0.49296875 0.2125 0.021875 0.058333333333333334
0 0.46015625 0.509375 0.0265625 0.07083333333333333
0 0.52421875 0.5614583333333333 0.0359375 0.09166666666666666
0 0.31875 0.25729166666666664 0.025 0.05625
0 0.53828125 0.016666666666666666 0.0140625 0.029166666666666667
0 0.3890625 0.32708333333333334 0.0203125 0.05
0 0.58046875 0.08333333333333333 0.0203125 0.05625
0 0.44765625 0.26458333333333334 0.01875 0.06041666666666667
0 0.3140625 0.31875 0.0234375 0.052083333333333336
0 0.428125 0.2677083333333333 0.015625 0.04791666666666667