0 0.8171875 0.5459610027855153 0.015625 0.036211699164345405
0 0.84921875 0.5724233983286908 0.0140625 0.03899721448467967
0 0.17109375 0.7381615598885793 0.015625 0.0584958217270195
0 0.50546875 0.6532033426183844 0.0140625 0.04456824512534819
0 0.509375 0.5041782729805014 0.0109375 0.036211699164345405
0 0.5515625 0.5501392757660167 0.0125 0.027855153203342618
0 0.3609375 0.7103064066852368 0.0171875 0.052924791086350974
0 0.03046875 0.2785515320334262 0.0078125 0.025069637883008356
0 0.2609375 0.5626740947075209 0.0109375 0.03064066852367688
0 0.07890625 0.12534818941504178 0.0046875 0.013927576601671309
0 0.56171875 0.5710306406685237 0.0078125 0.025069637883008356
0 0.5484375 0.6155988857938719 0.0109375 0.03899721448467967