0 0.35791000000000006 0.6621066666666666 0.02314999999999996 0.041993333333333285
0 0.448975 0.5572933333333334 0.011549999999999904 0.037353333333333204
0 0.4304200000000001 0.7493466666666666 0.018769999999999953 0.046953333333333326
0 0.433105 0.7903666666666667 0.017639999999999923 0.062420000000000184
0 0.49487500000000006 0.49023333333333335 0.007404999999999972 0.028159999999999977
0 0.480715 0.5611999999999999 0.015305000000000036 0.037700000000000004
0 0.5981449999999999 0.5084666666666667 0.008065000000000034 0.03460666666666678
0 0.43530500000000005 0.7181000000000001 0.008614999999999994 0.03885999999999991
0 0.47314 0.5641200000000001 0.007390000000000008 0.0385733333333332
0 0.47546 0.5522933333333334 0.005279999999999951 0.02112000000000004
0 0.107595 0.4054533333333333 0.0048550000000000095 0.012953333333333343
0 0.112405 0.4036466666666667 0.0040000000000000036 0.006980000000000075
0 0.402015 0.6911866666666667 0.01996500000000001 0.04247333333333335
0 0.8016349999999999 0.4603733333333333 0.012539999999999907 0.02571999999999998
0 0.79642 0.4599466666666666 0.006049999999999933 0.02151999999999994