0 0.68125 0.5167130919220055 0.009375 0.036211699164345405
0 0.67578125 0.5696378830083565 0.0140625 0.04178272980501393
0 0.675 0.5403899721448467 0.009375 0.03064066852367688
0 0.6421875 0.5459610027855153 0.0109375 0.025069637883008356
0 0.621875 0.5403899721448467 0.0109375 0.03899721448467967
0 0.5078125 0.32590529247910865 0.0078125 0.013927576601671309
0 0.478125 0.42618384401114207 0.009375 0.036211699164345405
0 0.471875 0.435933147632312 0.009375 0.033426183844011144
0 0.4671875 0.44428969359331477 0.0078125 0.033426183844011144
0 0.46171875 0.4568245125348189 0.0078125 0.03064066852367688
0 0.3984375 0.4011142061281337 0.0046875 0.027855153203342618
0 0.4171875 0.40807799442896936 0.0078125 0.03064066852367688
0 0.4140625 0.40668523676880225 0.0046875 0.027855153203342618
0 0.40859375 0.40947075208913647 0.00625 0.027855153203342618
0 0.40625 0.403899721448468 0.0046875 0.027855153203342618
0 0.53046875 0.24512534818941503 0.0046875 0.025069637883008356
0 0.525 0.25069637883008355 0.0046875 0.022284122562674095
0 0.50625 0.18662952646239556 0.0046875 0.022284122562674095
0 0.50078125 0.18662952646239556 0.0046875 0.022284122562674095
0 0.4859375 0.20891364902506965 0.0046875 0.022284122562674095
0 0.47890625 0.2116991643454039 0.00625 0.022284122562674095
0 0.9859375 0.733983286908078 0.0078125 0.027855153203342618
0 0.9734375 0.7353760445682451 0.021875 0.05013927576601671
0 0.95546875 0.7325905292479109 0.0140625 0.027855153203342618
0 0.246875 0.35097493036211697 0.0046875 0.016713091922005572
0 0.24921875 0.37047353760445684 0.009375 0.025069637883008356