0 0.8875 0.26875 0.0109375 0.022916666666666665
0 0.8796875 0.26979166666666665 0.009375 0.020833333333333332
0 0.86640625 0.16354166666666667 0.0078125 0.016666666666666666
0 0.87421875 0.16458333333333333 0.00625 0.0125
0 0.88671875 0.8197916666666667 0.0171875 0.03125
0 0.878125 0.79375 0.015625 0.03125
0 0.809375 0.815625 0.0234375 0.052083333333333336
0 0.34921875 0.25416666666666665 0.0078125 0.014583333333333334
0 0.3328125 0.2 0.0078125 0.010416666666666666
0 0.37578125 0.09270833333333334 0.003125 0.008333333333333333
0 0.39296875 0.31145833333333334 0.00625 0.01875
0 0.8453125 0.30625 0.009375 0.020833333333333332