0 0.6085999999999999 0.5847714285714286 0.02107142857142854 0.03645714285714282
0 0.28735 0.3587238095238095 0.008742857142857118 0.028771428571428597
0 0.30395714285714287 0.2259142857142857 0.0070928571428571455 0.0242095238095238
0 0.6108428571428571 0.3753238095238095 0.011507142857142761 0.023352380952380968
0 0.8725571428571428 0.6275999999999999 0.019500000000000028 0.03588571428571446
0 0.18860000000000002 0.2968761904761905 0.010614285714285732 0.027266666666666713
0 0.08465714285714285 0.17334285714285713 0.0059571428571428605 0.018323809523809527
0 0.19360000000000002 0.17805714285714286 0.006171428571428583 0.017628571428571445
0 0.8847642857142857 0.6536476190476191 0.017635714285714244 0.03312380952380944
0 0.8532357142857142 0.6436285714285713 0.010249999999999915 0.022028571428571554
0 0.8652357142857141 0.6445333333333333 0.015835714285714175 0.028485714285714416
0 0.1633642857142857 0.1479238095238095 0.00495000000000001 0.013438095238095233
0 0.22055714285714284 0.2164095238095238 0.006185714285714283 0.013200000000000026
0 0.21402142857142853 0.24057142857142855 0.0051285714285714155 0.01390476190476188
0 0.1443142857142857 0.28786666666666666 0.009949999999999992 0.015314285714285702