0 0.40703125 0.2708333333333333 0.0140625 0.05
0 0.409375 0.5708333333333333 0.01875 0.052083333333333336
0 0.44375 0.6020833333333333 0.0203125 0.052083333333333336
0 0.38125 0.25729166666666664 0.01875 0.04791666666666667
0 0.434375 0.5510416666666667 0.021875 0.041666666666666664
0 0.51484375 0.0875 0.009375 0.041666666666666664
0 0.33984375 0.515625 0.021875 0.041666666666666664
0 0.06796875 0.45625 0.0234375 0.041666666666666664
0 0.07890625 0.428125 0.0390625 0.05625
0 0.52265625 0.09791666666666667 0.0078125 0.029166666666666667
0 0.5109375 0.026041666666666668 0.0109375 0.035416666666666666
0 0.228125 0.025 0.0125 0.03958333333333333
0 0.240625 0.07916666666666666 0.009375 0.041666666666666664
0 0.28203125 0.10416666666666667 0.0125 0.0375
0 0.2953125 0.09895833333333333 0.0109375 0.041666666666666664