0 0.0296875 0.6180555555555556 0.015625 0.025
0 0.26875 0.6208333333333333 0.0140625 0.041666666666666664
0 0.39296875 0.5930555555555556 0.0125 0.03333333333333333
0 0.490625 0.6416666666666667 0.015625 0.041666666666666664
0 0.49609375 0.7458333333333333 0.00625 0.03333333333333333
0 0.32265625 0.7902777777777777 0.015625 0.03888888888888889
0 0.5578125 0.5013888888888889 0.0140625 0.03611111111111111
0 0.5953125 0.39444444444444443 0.0078125 0.03888888888888889
0 0.58984375 0.3347222222222222 0.0109375 0.030555555555555555
0 0.6015625 0.19166666666666668 0.009375 0.027777777777777776
0 0.5984375 0.1527777777777778 0.0078125 0.022222222222222223
0 0.47890625 0.4152777777777778 0.0078125 0.03611111111111111
0 0.4890625 0.41944444444444445 0.009375 0.030555555555555555
0 0.10859375 0.3597222222222222 0.0109375 0.03333333333333333