0 0.26846555323590815 0.5322199025748087 0.010099164926931081 0.0316028763627928
0 0.2846294363256785 0.5160565993968916 0.015756784968684823 0.06535838552540017
0 0.3755323590814196 0.5074367896079796 0.018987473903966646 0.07397819531431224
0 0.3949217118997912 0.5214474599860821 0.010099164926931081 0.027297610763164136
0 0.43936325678496874 0.5135421016005567 0.015756784968684732 0.057462305729529185
0 0.5991492693110647 0.46721410345627473 0.023434237995824603 0.03807005335189047
0 0.6547025052192067 0.4729668290419856 0.02787578288100203 0.059614938529343596
0 0.7484394572025053 0.41054975643702163 0.014968684759916329 0.05441892832289486
0 0.7270981210855949 0.4274275110183252 0.007599164926931046 0.039721642310368885
0 0.7047546972860125 0.4037949431686384 0.021450939457202445 0.03853398283460905
0 0.9573434237995825 0.3941544885177453 0.016487473903966786 0.054242635119461924