0 0.19375 0.6430555555555556 0.0125 0.05277777777777778
0 0.36875 0.5472222222222223 0.0125 0.044444444444444446
0 0.4265625 0.5152777777777777 0.0203125 0.07777777777777778
0 0.4625 0.5305555555555556 0.0140625 0.03611111111111111
0 0.21875 0.31666666666666665 0.0125 0.044444444444444446
0 0.2796875 0.3402777777777778 0.015625 0.058333333333333334
0 0.29765625 0.32083333333333336 0.009375 0.03333333333333333
0 0.30390625 0.3055555555555556 0.0109375 0.03333333333333333
0 0.31328125 0.3055555555555556 0.0125 0.05277777777777778
0 0.3203125 0.2569444444444444 0.009375 0.03888888888888889
0 0.3359375 0.27361111111111114 0.0203125 0.05555555555555555
0 0.3234375 0.29305555555555557 0.0140625 0.04722222222222222
0 0.3578125 0.4236111111111111 0.015625 0.06111111111111111
0 0.4765625 0.3597222222222222 0.009375 0.04722222222222222
0 0.49140625 0.3472222222222222 0.01875 0.05555555555555555
0 0.49140625 0.3125 0.01875 0.044444444444444446