0 0.3875 0.5097493036211699 0.0125 0.036211699164345405
0 0.396875 0.5097493036211699 0.01875 0.03899721448467967
0 0.51328125 0.7423398328690808 0.015625 0.04178272980501393
0 0.5359375 0.7381615598885793 0.0171875 0.04456824512534819
0 0.56875 0.7298050139275766 0.0171875 0.04456824512534819
0 0.56953125 0.7743732590529248 0.015625 0.04178272980501393
0 0.584375 0.775766016713092 0.0125 0.04735376044568245
0 0.59140625 0.7506963788300836 0.0109375 0.03064066852367688
0 0.66953125 0.13370473537604458 0.009375 0.033426183844011144
0 0.66328125 0.12116991643454039 0.0078125 0.033426183844011144
0 0.65 0.11002785515320335 0.0078125 0.036211699164345405
0 0.63046875 0.11838440111420613 0.0078125 0.03064066852367688
0 0.6125 0.0947075208913649 0.0109375 0.03899721448467967
0 0.62890625 0.0947075208913649 0.00625 0.033426183844011144
0 0.215625 0.0766016713091922 0.0109375 0.03064066852367688
0 0.06484375 0.06545961002785515 0.015625 0.036211699164345405
0 0.303125 0.12952646239554316 0.009375 0.025069637883008356