0 0.315625 0.44583333333333336 0.0203125 0.05
0 0.39296875 0.29583333333333334 0.0140625 0.04375
0 0.1703125 0.465625 0.0203125 0.05
0 0.29375 0.27395833333333336 0.015625 0.04375
0 0.99609375 0.11770833333333333 0.0078125 0.03958333333333333
0 0.95234375 0.8395833333333333 0.040625 0.05625
0 0.6953125 0.5114583333333333 0.01875 0.029166666666666667
0 0.9671875 0.9520833333333333 0.0125 0.0375
0 0.96328125 0.984375 0.0140625 0.03125
0 0.8078125 0.821875 0.028125 0.03958333333333333
0 0.8203125 0.7822916666666667 0.021875 0.03333333333333333
0 0.80390625 0.7645833333333333 0.021875 0.0375
0 0.7890625 0.790625 0.0203125 0.03333333333333333
0 0.696875 0.4864583333333333 0.0140625 0.022916666666666665
0 0.68125 0.6041666666666666 0.0203125 0.027083333333333334
0 0.6953125 0.5895833333333333 0.015625 0.027083333333333334
0 0.69375 0.5697916666666667 0.0171875 0.016666666666666666
0 0.66953125 0.56875 0.0171875 0.029166666666666667
0 0.65546875 0.5729166666666666 0.015625 0.025
0 0.6546875 0.609375 0.0203125 0.029166666666666667
0 0.34765625 0.3177083333333333 0.015625 0.041666666666666664