0 0.71533 0.33691333333333334 0.012010000000000076 0.03501333333333333
0 0.740235 0.36685999999999996 0.01633999999999993 0.04005999999999996
0 0.070855 0.64266 0.019245 0.023326666666666777
0 0.09054000000000001 0.6403266666666667 0.016620000000000013 0.023326666666666777
0 0.6639450000000001 0.7173066666666668 0.029739999999999968 0.03965333333333329
0 0.6215200000000001 0.32366 0.014869999999999805 0.036160000000000046
0 0.51742 0.21927333333333335 0.011369999999999969 0.025660000000000002
0 0.723865 0.051899999999999995 0.009619999999999962 0.015160000000000003
0 0.8353999999999999 0.00758 0.007000000000000029 0.01516
0 0.32585000000000003 0.07814666666666666 0.007875000000000031 0.027993333333333346
0 0.313165 0.08048000000000001 0.007000000000000029 0.025660000000000002