0 0.43828645833333335 0.16994444444444443 0.00408333333333335 0.013425925925925912
0 0.31525 0.20077777777777778 0.003671874999999947 0.008342592592592584
0 0.31769791666666664 0.1938888888888889 0.006119791666666696 0.00906481481481486
0 0.27964583333333326 0.21674074074074076 0.006322916666666689 0.00906481481481486
0 0.21077604166666664 0.21257407407407408 0.004489583333333336 0.005805555555555565
0 0.18394791666666666 0.1918888888888889 0.005916666666666659 0.00943518518518521
0 0.220265625 0.16631481481481483 0.005510416666666717 0.008342592592592584
0 0.22730729166666666 0.1559814814814815 0.006937499999999997 0.010879629629629644
0 0.10314583333333331 0.1924351851851852 0.005510416666666673 0.008342592592592584
0 0.11090104166666666 0.06529629629629628 0.010000000000000009 0.012333333333333326
0 0.1956770833333333 0.05930555555555555 0.0048958333333333215 0.009796296296296308
0 0.43771354166666665 0.8824814814814814 0.004812500000000064 0.011120370370370362
0 0.432546875 0.8816296296296297 0.003125 0.011972222222222386
0 0.60859375 0.8702962962962961 0.0036093749999999147 0.008120370370370248
0 0.6130416666666666 0.8628148148148148 0.003848958333333208 0.009407407407407378
0 0.5989739583333333 0.7649074074074075 0.0036093749999999147 0.010259259259259086
0 0.5603697916666667 0.43632407407407403 0.002885416666666707 0.008981481481481524
0 0.5565260416666666 0.4412407407407407 0.002885416666666707 0.0076944444444443936
0 0.5521927083333333 0.4433796296296296 0.0033645833333332932 0.0076944444444443936
0 0.5392083333333333 0.3382037037037037 0.004328124999999972 0.00855555555555559
0 0.7588645833333333 0.2708425925925926 0.005749999999999922 0.009370370370370374
0 0.7120364583333332 0.06813888888888889 0.0040729166666666925 0.011074074074074089
0 0.7185052083333333 0.07112037037037036 0.0040729166666666925 0.012777777777777782
0 0.9538020833333333 0.7289629629629628 0.007026041666666672 0.012490740740740748