0 0.32890625 0.2791666666666667 0.0109375 0.027777777777777776
0 0.3375 0.05 0.0078125 0.030555555555555555
0 0.56171875 0.008333333333333333 0.0078125 0.005555555555555556
0 0.34140625 0.28055555555555556 0.0125 0.022222222222222223
0 0.3390625 0.24166666666666667 0.0125 0.027777777777777776
0 0.5734375 0.07083333333333333 0.0046875 0.022222222222222223
0 0.53671875 0.15555555555555556 0.0078125 0.019444444444444445
0 0.41484375 0.019444444444444445 0.00625 0.022222222222222223
0 0.4078125 0.016666666666666666 0.0078125 0.030555555555555555
0 0.40859375 0.001388888888888889 0.0046875 0.002777777777777778
0 0.43046875 0.21944444444444444 0.00625 0.027777777777777776
0 0.45625 0.2152777777777778 0.0109375 0.016666666666666666
0 0.51484375 0.225 0.00625 0.019444444444444445
0 0.4359375 0.5208333333333334 0.0125 0.016666666666666666
0 0.4578125 0.6430555555555556 0.009375 0.022222222222222223
0 0.38046875 0.6027777777777777 0.0078125 0.016666666666666666
0 0.34453125 0.5486111111111112 0.009375 0.016666666666666666
0 0.32734375 0.5638888888888889 0.00625 0.016666666666666666
0 0.32109375 0.5555555555555556 0.00625 0.025
0 0.25625 0.6083333333333333 0.00625 0.027777777777777776
0 0.2640625 0.5819444444444445 0.015625 0.016666666666666666
0 0.2203125 0.5291666666666667 0.0171875 0.027777777777777776
0 0.21171875 0.5375 0.0125 0.022222222222222223
0 0.2546875 0.44583333333333336 0.009375 0.027777777777777776
0 0.2859375 0.3402777777777778 0.0109375 0.022222222222222223
0 0.22109375 0.5944444444444444 0.009375 0.019444444444444445
0 0.50078125 0.42916666666666664 0.00625 0.025
0 0.55859375 0.043055555555555555 0.0125 0.016666666666666666
0 0.51484375 0.24305555555555555 0.003125 0.005555555555555556