0 0.7046875 0.0375 0.0078125 0.016666666666666666
0 0.55546875 0.07222222222222222 0.0078125 0.027777777777777776
0 0.43046875 0.10694444444444444 0.0078125 0.025
0 0.5453125 0.1986111111111111 0.00625 0.025
0 0.5390625 0.1986111111111111 0.00625 0.022222222222222223
0 0.5296875 0.19722222222222222 0.009375 0.027777777777777776
0 0.515625 0.19444444444444445 0.0078125 0.027777777777777776
0 0.5453125 0.24861111111111112 0.00625 0.025
0 0.4984375 0.44305555555555554 0.00625 0.027777777777777776
0 0.4828125 0.4638888888888889 0.00625 0.027777777777777776
0 0.50390625 0.35138888888888886 0.0078125 0.013888888888888888
0 0.50390625 0.34444444444444444 0.0078125 0.011111111111111112
0 0.42421875 0.39861111111111114 0.0078125 0.025
0 0.38125 0.39861111111111114 0.00625 0.022222222222222223
0 0.39375 0.2 0.0078125 0.025
0 0.38671875 0.19444444444444445 0.0078125 0.025
0 0.39140625 0.18055555555555555 0.00625 0.011111111111111112
0 0.296875 0.24722222222222223 0.0109375 0.030555555555555555
0 0.30703125 0.4152777777777778 0.009375 0.019444444444444445
0 0.3046875 0.4305555555555556 0.0109375 0.016666666666666666
0 0.29765625 0.45694444444444443 0.0078125 0.022222222222222223
0 0.26640625 0.5041666666666667 0.0046875 0.016666666666666666
0 0.25234375 0.5319444444444444 0.0078125 0.025
0 0.465625 0.6166666666666667 0.0078125 0.03333333333333333
0 0.3640625 0.7458333333333333 0.015625 0.022222222222222223
0 0.41875 0.8416666666666667 0.009375 0.019444444444444445
0 0.35546875 0.8083333333333333 0.0171875 0.030555555555555555
0 0.271875 0.7666666666666667 0.00625 0.016666666666666666
0 0.265625 0.7569444444444444 0.0078125 0.027777777777777776
0 0.29296875 0.7458333333333333 0.0078125 0.016666666666666666
0 0.17421875 0.7166666666666667 0.015625 0.027777777777777776
0 0.1640625 0.7222222222222222 0.0125 0.022222222222222223
0 0.21796875 0.7736111111111111 0.015625 0.016666666666666666
0 0.17265625 0.7847222222222222 0.0109375 0.025
0 0.203125 0.825 0.0140625 0.030555555555555555
0 0.39375 0.7041666666666667 0.015625 0.025
0 0.36328125 0.7125 0.0078125 0.019444444444444445