0 0.72578125 0.3541666666666667 0.0140625 0.01875
0 0.26875 0.14583333333333334 0.0109375 0.027083333333333334
0 0.6984375 0.37604166666666666 0.0109375 0.0125
0 0.39765625 0.45208333333333334 0.0078125 0.01875
0 0.31015625 0.09895833333333333 0.0109375 0.027083333333333334
0 0.78359375 0.3541666666666667 0.009375 0.020833333333333332
0 0.621875 0.50625 0.0140625 0.016666666666666666
0 0.01953125 0.29583333333333334 0.0203125 0.025
0 0.028125 0.28541666666666665 0.0203125 0.027083333333333334
0 0.0359375 0.28229166666666666 0.01875 0.025
0 0.04609375 0.40520833333333334 0.0203125 0.01875
0 0.00390625 0.20416666666666666 0.0078125 0.025
0 0.0046875 0.18645833333333334 0.009375 0.022916666666666665
0 0.0203125 0.12291666666666666 0.009375 0.0125
0 0.009375 0.246875 0.0171875 0.020833333333333332
0 0.0875 0.565625 0.0140625 0.014583333333333334
0 0.11328125 0.55625 0.0109375 0.016666666666666666
0 0.07890625 0.590625 0.009375 0.0125
0 0.97109375 0.5864583333333333 0.0328125 0.0125
0 0.96484375 0.6010416666666667 0.0203125 0.014583333333333334
0 0.96484375 0.6260416666666667 0.03125 0.022916666666666665
0 0.178125 0.015625 0.0109375 0.016666666666666666
0 0.3125 0.08541666666666667 0.0109375 0.029166666666666667
0 0.01953125 0.017708333333333333 0.01875 0.014583333333333334
0 0.01328125 0.11875 0.009375 0.010416666666666666