0 0.5921875 0.09270833333333334 0.01875 0.05
0 0.72421875 0.21354166666666666 0.0234375 0.058333333333333334
0 0.23984375 0.04479166666666667 0.021875 0.04583333333333333
0 0.39765625 0.7625 0.025 0.05625
0 0.5921875 0.25729166666666664 0.01875 0.05
0 0.57421875 0.209375 0.0171875 0.04583333333333333
0 0.771875 0.16875 0.01875 0.06041666666666667
0 0.79609375 0.19895833333333332 0.0265625 0.06458333333333334
0 0.70234375 0.040625 0.0109375 0.052083333333333336
0 0.70234375 0.06875 0.0109375 0.041666666666666664
0 0.69140625 0.040625 0.0109375 0.0375