0 0.27265625 0.5361111111111111 0.0109375 0.03333333333333333
0 0.2890625 0.5180555555555556 0.0171875 0.06944444444444445
0 0.3828125 0.5027777777777778 0.0203125 0.07777777777777778
0 0.403125 0.5166666666666667 0.0109375 0.027777777777777776
0 0.4484375 0.5055555555555555 0.0171875 0.06111111111111111
0 0.6125 0.44722222222222224 0.025 0.041666666666666664
0 0.6703125 0.45 0.0296875 0.06388888888888888
0 0.765625 0.37916666666666665 0.0171875 0.058333333333333334
0 0.74375 0.39861111111111114 0.009375 0.041666666666666664
0 0.7203125 0.375 0.0234375 0.041666666666666664
0 0.98046875 0.3486111111111111 0.01875 0.058333333333333334