0 0.42421875 0.06680584551148225 0.0046875 0.016701461377870562
0 0.315625 0.030271398747390398 0.00625 0.016701461377870562
0 0.425 0.0709812108559499 0.00625 0.016701461377870562
0 0.49921875 0.1638830897703549 0.009375 0.025052192066805846
0 0.3421875 0.025052192066805846 0.0046875 0.016701461377870562
0 0.5125 0.15970772442588727 0.0125 0.027139874739039668
0 0.48671875 0.12317327766179541 0.0078125 0.014613778705636743
0 0.45 0.24843423799582465 0.0109375 0.031315240083507306
0 0.47734375 0.12526096033402923 0.00625 0.014613778705636743
0 0.45390625 0.2755741127348643 0.009375 0.029227557411273485
0 0.203125 0.33924843423799583 0.0125 0.03549060542797495
0 0.3109375 0.49373695198329853 0.0109375 0.029227557411273485
0 0.45546875 0.4968684759916493 0.0125 0.037578288100208766
0 0.453125 0.19728601252609604 0.0078125 0.027139874739039668
0 0.446875 0.4979123173277662 0.009375 0.033402922755741124
0 0.43671875 0.49582463465553234 0.0125 0.03966597077244259
0 0.31875 0.5125260960334029 0.0109375 0.03966597077244259
0 0.32109375 0.5302713987473904 0.0125 0.027139874739039668
0 0.32890625 0.1409185803757829 0.0078125 0.027139874739039668
0 0.4328125 0.20981210855949894 0.0078125 0.027139874739039668
0 0.4390625 0.1304801670146138 0.00625 0.025052192066805846