0 0.546875 0.3705636743215031 0.0171875 0.05219206680584551
0 0.80703125 0.3914405010438413 0.0203125 0.05010438413361169
0 0.3453125 0.33298538622129437 0.015625 0.04801670146137787
0 0.10703125 0.7411273486430062 0.0296875 0.0709812108559499
0 0.353125 0.2588726513569937 0.021875 0.025052192066805846
0 0.42578125 0.3068893528183716 0.0109375 0.05219206680584551
0 0.43359375 0.3089770354906054 0.0078125 0.04175365344467641
0 0.43671875 0.30167014613778703 0.0109375 0.05010438413361169
0 0.4953125 0.3444676409185804 0.01875 0.020876826722338204
0 0.49140625 0.3288100208768267 0.0109375 0.016701461377870562
0 0.475 0.3465553235908142 0.0125 0.033402922755741124
0 0.4625 0.34133611691022964 0.0125 0.020876826722338204
0 0.45234375 0.3455114822546973 0.0109375 0.025052192066805846
0 0.44921875 0.3695198329853862 0.0203125 0.033402922755741124
0 0.49296875 0.3862212943632568 0.0109375 0.027139874739039668
0 0.4796875 0.38517745302713985 0.0125 0.027139874739039668
0 0.34609375 0.032359081419624215 0.009375 0.022964509394572025
0 0.334375 0.033402922755741124 0.0125 0.022964509394572025
0 0.01796875 0.003131524008350731 0.0109375 0.006263048016701462
0 0.01484375 0.005219206680584551 0.0046875 0.010438413361169102