0 0.5198644700850169 0.6214289300036244 0.011909838948110263 0.05293261754715704
0 0.471331876371467 0.6770081784281393 0.016078282579949033 0.04763935579244137
0 0.6328125 0.5559895833333334 0.017181396484375 0.049235026041666664
0 0.373046875 0.7170138888888888 0.0193023681640625 0.04739040798611111
0 0.0216217041015625 0.8420138888888888 0.0311431884765625 0.0710177951388889
0 0.51025390625 0.6675347222222222 0.0182342529296875 0.03908962673611111
0 0.425776742394945 0.7013571824998315 0.016673774527354544 0.04763935579244129
0 0.27213981996432146 0.7511138429941593 0.019055742316976508 0.04763935579244137
0 0.58447265625 0.6059027777777778 0.014556884765625 0.04578993055555555
0 0.7548828125 0.4874131944444444 0.01395416259765625 0.022800021701388888
0 0.7861328125 0.4427083333333333 0.0118255615234375 0.037543402777777776
0 0.8330078125 0.3645833333333333 0.015838623046875 0.024522569444444444
0 0.97216796875 0.23828125 0.01078033447265625 0.023776584201388888
0 0.95263671875 0.2309027777777778 0.00971221923828125 0.034857855902777776
0 0.8447265625 0.3474392361111111 0.010406494140625 0.04307725694444445
0 0.91943359375 0.2684461805555556 0.0115509033203125 0.021511501736111112
0 0.9326171875 0.267578125 0.009857177734375 0.023234049479166668
0 0.865234375 0.318359375 0.00989532470703125 0.034912109375