0 0.571875 0.4354166666666667 0.00625 0.01875
0 0.52890625 0.40625 0.00625 0.014583333333333334
0 0.8328125 0.7489583333333333 0.015625 0.025
0 0.4984375 0.3802083333333333 0.00625 0.014583333333333334
0 0.5625 0.37916666666666665 0.0046875 0.014583333333333334
0 0.0484375 0.925 0.015625 0.022916666666666665
0 0.49140625 0.39791666666666664 0.00625 0.0125
0 0.56328125 0.4 0.0046875 0.0125
0 0.578125 0.38333333333333336 0.003125 0.010416666666666666
0 0.59140625 0.39791666666666664 0.003125 0.014583333333333334
0 0.58671875 0.3885416666666667 0.0046875 0.0125
0 0.57890625 0.41354166666666664 0.0078125 0.014583333333333334
0 0.575 0.4010416666666667 0.00625 0.008333333333333333
0 0.58515625 0.4010416666666667 0.0046875 0.010416666666666666
0 0.58125 0.396875 0.0046875 0.010416666666666666
0 0.52109375 0.37916666666666665 0.00625 0.016666666666666666
0 0.553125 0.396875 0.0046875 0.014583333333333334
0 0.5578125 0.3854166666666667 0.0046875 0.0125
0 0.43984375 0.365625 0.003125 0.0125
0 0.52890625 0.41458333333333336 0.003125 0.014583333333333334
0 0.61171875 0.22916666666666666 0.0015625 0.010416666666666666
0 0.61484375 0.22604166666666667 0.003125 0.008333333333333333
0 0.61796875 0.23125 0.003125 0.008333333333333333
0 0.6234375 0.228125 0.003125 0.008333333333333333
0 0.59609375 0.22604166666666667 0.003125 0.008333333333333333
0 0.68359375 0.296875 0.003125 0.010416666666666666
0 0.68671875 0.29791666666666666 0.003125 0.010416666666666666