0 0.3059071428571428 0.2615523809523809 0.012871428571428556 0.029095238095238063
0 0.37866428571428573 0.08308571428571428 0.008642857142857086 0.028057142857142853
0 0.31835714285714284 0.05244761904761905 0.009192857142857136 0.028019047619047624
0 0.4174785714285714 0.3929047619047619 0.012192857142857071 0.029828571428571492
0 0.1615 0.23404761904761903 0.0141142857142857 0.02759047619047621
0 0.07434285714285714 0.3675142857142857 0.018478571428571434 0.026342857142857074
0 0.3007785714285714 0.49706666666666666 0.016785714285714272 0.025657142857142882
0 0.6660142857142857 0.24804761904761904 0.010778571428571304 0.02154285714285713
0 0.40004285714285703 0.43124761904761905 0.007807142857142901 0.024771428571428562
0 0.4444214285714286 0.4075142857142857 0.008535714285714313 0.025590476190476254
0 0.3713785714285714 0.47954285714285716 0.008535714285714313 0.01979047619047615
0 0.4186714285714285 0.3395238095238095 0.012592857142857206 0.020304761904762002
0 0.29869285714285715 0.25774285714285716 0.008635714285714347 0.022390476190476162
0 0.8361571428571427 0.6409904761904761 0.018192857142857122 0.022323809523809503
0 0.6234285714285714 0.41407619047619043 0.012735714285714295 0.029657142857142795
0 0.5572 0.2334190476190476 0.013299999999999913 0.020304761904761885