0 0.2863785714285714 0.07709206349206349 0.009714285714285698 0.04720000000000001
0 0.2734357142857143 0.5195301587301587 0.01684285714285716 0.05221587301587299
0 0.5175785714285714 0.44205714285714287 0.012971428571428589 0.04554920634920639
0 0.4533714285714286 0.6679746031746031 0.01652857142857158 0.033879365079365203
0 0.35937857142857144 0.7248253968253967 0.014114285714285746 0.036914285714285615
0 0.4658214285714285 0.5724825396825396 0.011378571428571505 0.03669841269841261
0 0.06805714285714286 0.06391111111111111 0.01379285714285714 0.03252063492063492
0 0.4946285714285715 0.4433650793650793 0.012728571428571377 0.033041269841269774
0 0.3564428571428571 0.7096380952380953 0.005728571428571439 0.010920634920634834
0 0.10779999999999998 0.02104126984126984 0.011257142857142854 0.040063492063492065
0 0.11269285714285715 0.017295238095238093 0.01421428571428569 0.034590476190476185
0 0.39885714285714285 0.017346031746031745 0.007957142857142907 0.023580952380952383
0 0.5861999999999999 0.02382222222222222 0.008414285714285619 0.038946031746031735
0 0.70355 0.13274920634920637 0.012507142857142916 0.03545396825396823
0 0.70645 0.14892698412698413 0.01012142857142866 0.04111746031746032
0 0.31261428571428573 0.5373079365079364 0.007842857142857174 0.02255238095238086
0 0.5184857142857143 0.3925968253968254 0.009692857142857036 0.03692698412698421
0 0.5539285714285713 0.36248888888888886 0.009999999999999964 0.03715555555555553
0 0.5768928571428571 0.0469079365079365 0.006314285714285717 0.02909206349206348