0 0.698242857142857 0.29991111111111113 0.009378571428571547 0.026196825396825416
0 0.6962857142857143 0.08637460317460317 0.006314285714285717 0.02848253968253969
0 0.5024428571428571 0.01732063492063492 0.0062214285714285115 0.026196825396825392
0 0.4755857142857143 0.019847619047619044 0.007871428571428574 0.021104761904761904
0 0.4897428571428571 0.019377777777777775 0.0067999999999999615 0.023504761904761907
0 0.6860357142857143 0.3010031746031746 0.011421428571428648 0.019466666666666615
0 0.2407214285714286 0.9618031746031745 0.009892857142857193 0.023326984126983853
0 0.6899428571428571 0.2654095238095238 0.010899999999999998 0.02587936507936506
0 0.23429285714285714 0.9779809523809523 0.012828571428571411 0.017409523809523837
0 0.4761857142857142 0.08582857142857145 0.003714285714285737 0.0216
0 0.48023571428571427 0.019809523809523808 0.005735714285714266 0.019200000000000002
0 0.5082571428571427 0.16805079365079365 0.0064142857142856615 0.016800000000000006
0 0.6497071428571428 0.012901587301587301 0.00506428571428561 0.01980952380952381
0 0.6255714285714286 0.05161904761904761 0.004728571428571371 0.019200000000000002
0 0.6318142857142857 0.04921904761904762 0.007092857142857234 0.0276063492063492
0 0.6319857142857143 0.0315047619047619 0.0040499999999999755 0.010196825396825402
0 0.6054857142857142 0.23677460317460317 0.005735714285714266 0.02580317460317458
0 0.5816857142857143 0.23017142857142858 0.009450000000000004 0.0138031746031746
0 0.5264857142857143 0.2346666666666667 0.005735714285714266 0.016800000000000006
0 0.5916428571428571 0.5155555555555555 0.011814285714285689 0.013206349206349128
0 0.5685142857142857 0.6280888888888889 0.007428571428571474 0.02100317460317456
0 0.6411 0.5965714285714286 0.006750000000000078 0.014400000000000072
0 0.6760428571428572 0.5491555555555555 0.008442857142857108 0.01560634920634922
0 0.6915714285714285 0.5659682539682539 0.005735714285714266 0.014400000000000072
0 0.69765 0.558463492063492 0.005735714285714266 0.02340317460317449
0 0.7567285714285714 0.613079365079365 0.005735714285714444 0.024609523809523796
0 0.7501428571428572 0.5881777777777778 0.013507142857142718 0.013206349206349128
0 0.7921785714285714 0.5428571428571428 0.015192857142857185 0.02340317460317449
0 0.7997714285714286 0.551568253968254 0.011478571428571626 0.01919999999999994
0 0.7623 0.4615365079365079 0.00810000000000013 0.026412698412698412
0 0.7364714285714286 0.36100317460317466 0.009114285714285941 0.01980952380952381
0 0.7894785714285714 0.6034793650793651 0.007764285714285712 0.017409523809523837
0 0.5337071428571429 0.4256380952380952 0.004942857142857271 0.022844444444444414
0 0.49103571428571435 0.06121904761904762 0.011207142857142926 0.01464126984126985
0 0.5261785714285714 0.25106031746031743 0.0029285714285713026 0.00520634920634922