0 0.415625 0.6739583333333333 0.0203125 0.022916666666666665
0 0.3546875 0.871875 0.015625 0.025
0 0.3640625 0.73125 0.0125 0.020833333333333332
0 0.39609375 0.86875 0.015625 0.025
0 0.496875 0.7864583333333334 0.0109375 0.022916666666666665
0 0.38828125 0.903125 0.0171875 0.025
0 0.48984375 0.9510416666666667 0.0125 0.022916666666666665
0 0.253125 0.8322916666666667 0.0125 0.01875
0 0.3015625 0.90625 0.0125 0.022916666666666665
0 0.490625 0.53125 0.0109375 0.022916666666666665
0 0.4671875 0.5135416666666667 0.009375 0.025
0 0.5265625 0.534375 0.009375 0.020833333333333332
0 0.4921875 0.490625 0.009375 0.022916666666666665
0 0.45390625 0.45625 0.0078125 0.025
0 0.49453125 0.4427083333333333 0.009375 0.020833333333333332
0 0.52890625 0.4635416666666667 0.0078125 0.025
0 0.5390625 0.45416666666666666 0.0078125 0.025
0 0.54453125 0.47604166666666664 0.0109375 0.020833333333333332
0 0.5484375 0.4635416666666667 0.0078125 0.01875
0 0.55 0.45 0.009375 0.01875
0 0.1859375 0.23229166666666667 0.0109375 0.020833333333333332
0 0.27109375 0.2916666666666667 0.0078125 0.020833333333333332
0 0.4953125 0.31145833333333334 0.0078125 0.0125
0 0.8859375 0.33645833333333336 0.00625 0.016666666666666666
0 0.97734375 0.38125 0.009375 0.016666666666666666