0 0.29765625 0.2567849686847599 0.0140625 0.031315240083507306
0 0.38046875 0.07620041753653445 0.009375 0.029227557411273485
0 0.31875 0.0407098121085595 0.0109375 0.029227557411273485
0 0.4078125 0.40083507306889354 0.0140625 0.031315240083507306
0 0.14921875 0.21711899791231734 0.015625 0.029227557411273485
0 0.053125 0.3496868475991649 0.0203125 0.029227557411273485
0 0.2828125 0.5 0.01875 0.027139874739039668
0 0.67109375 0.26826722338204595 0.0125 0.022964509394572025
0 0.38828125 0.4394572025052192 0.009375 0.027139874739039668
0 0.43515625 0.4175365344467641 0.009375 0.027139874739039668
0 0.35625 0.48747390396659707 0.009375 0.020876826722338204
0 0.4109375 0.3455114822546973 0.0140625 0.022964509394572025
0 0.290625 0.25156576200417535 0.009375 0.022964509394572025
0 0.83125 0.6889352818371608 0.0203125 0.025052192066805846
0 0.6203125 0.4373695198329854 0.0140625 0.031315240083507306
0 0.559375 0.2453027139874739 0.0140625 0.022964509394572025