0 0.10703125 0.6534446764091858 0.0171875 0.018789144050104383
0 0.1328125 0.5417536534446764 0.01875 0.018789144050104383
0 0.18515625 0.47494780793319413 0.021875 0.014613778705636743
0 0.0515625 0.46450939457202506 0.0171875 0.016701461377870562
0 0.3984375 0.31210855949895616 0.01875 0.018789144050104383
0 0.28984375 0.6116910229645094 0.0125 0.014613778705636743
0 0.18359375 0.6002087682672234 0.0140625 0.014613778705636743
0 0.29453125 0.7536534446764092 0.009375 0.014613778705636743
0 0.3875 0.7421711899791231 0.009375 0.012526096033402923
0 0.3890625 0.7244258872651357 0.0125 0.020876826722338204
0 0.5078125 0.7860125260960334 0.0078125 0.012526096033402923
0 0.51015625 0.7693110647181628 0.00625 0.016701461377870562
0 0.4640625 0.8194154488517745 0.009375 0.016701461377870562
0 0.4671875 0.826722338204593 0.00625 0.010438413361169102
0 0.478125 0.824634655532359 0.015625 0.018789144050104383
0 0.36328125 0.46764091858037576 0.009375 0.008350730688935281
0 0.39296875 0.4718162839248434 0.009375 0.012526096033402923
0 0.36328125 0.4384133611691023 0.009375 0.008350730688935281
0 0.34296875 0.44258872651356995 0.0078125 0.008350730688935281
0 0.34921875 0.45407098121085593 0.009375 0.008350730688935281
0 0.33046875 0.477035490605428 0.0140625 0.010438413361169102
0 0.3375 0.38413361169102295 0.0125 0.016701461377870562
0 0.36796875 0.3778705636743215 0.0078125 0.010438413361169102
0 0.38359375 0.3903966597077244 0.009375 0.010438413361169102
0 0.39296875 0.3977035490605428 0.009375 0.010438413361169102
0 0.38359375 0.4164926931106472 0.0078125 0.010438413361169102
0 0.3015625 0.4519832985386221 0.0125 0.010438413361169102
0 0.08046875 0.3162839248434238 0.0140625 0.025052192066805846
0 0.040625 0.19102296450939457 0.0203125 0.018789144050104383