0 0.36173529411764704 0.5258169934640523 0.014382352941176447 0.04891503267973844
0 0.35767647058823526 0.3990849673202615 0.00875735294117641 0.044470588235294095
0 0.2816985294117647 0.29569934640522877 0.008132352941176446 0.02445751633986922
0 0.7344191176470588 0.8515294117647058 0.0181323529411765 0.05335947712418279
0 0.7538014705882353 0.874313725490196 0.019382352941176427 0.05447058823529416
0 0.8438455882352942 0.75759477124183 0.019382352941176607 0.07670588235294121
0 0.8963749999999999 0.3396078431372549 0.006874999999999787 0.030013071895424855
0 0.9145073529411765 0.3329411764705882 0.006874999999999787 0.03223529411764703
0 0.7498088235294118 0.24206535947712418 0.00483823529411751 0.027973856209150307
0 0.757220588235294 0.24341176470588236 0.00453676470588249 0.02313725490196074
0 0.7649338235294116 0.2474509803921569 0.00483823529411751 0.030117647058823534
0 0.7732573529411766 0.24691503267973852 0.0057500000000001 0.025816993464052255
0 0.7874779411764706 0.2304967320261438 0.005147058823529349 0.02743790849673202
0 0.7914117647058823 0.2805359477124183 0.00453676470588249 0.03496732026143792
0 0.7782500000000001 0.2713856209150327 0.003029411764705792 0.029581699346405248
0 0.7832426470588236 0.2762222222222222 0.00453676470588249 0.024209150326797393
0 0.7699264705882352 0.28430065359477125 0.0063529411764704944 0.019908496732026194
0 0.7649338235294116 0.27515032679738566 0.00483823529411751 0.03281045751633987
0 0.8041176470588235 0.274078431372549 0.00393382352941174 0.02098039215686277
0 0.8088088235294117 0.2773071895424837 0.0036323529411763644 0.02098039215686277
0 0.5603897058823529 0.23883660130718956 0.00665441176470587 0.03120261437908493