0 0.5698214285714285 0.4707047619047619 0.007428571428571474 0.02064761904761904
0 0.6323214285714285 0.47396190476190475 0.00547142857142866 0.014885714285714257
0 0.5673857142857143 0.44042857142857145 0.005578571428571344 0.0136571428571429
0 0.6879857142857142 0.4235047619047619 0.005242857142857105 0.013247619047618998
0 0.6635714285714285 0.4293619047619047 0.005035714285714299 0.014199999999999945
0 0.645992857142857 0.4039714285714286 0.005242857142857105 0.01651428571428575
0 0.541992857142857 0.4586571428571428 0.006142857142857139 0.01464761904761905
0 0.6821285714285714 0.3525428571428571 0.005364285714285622 0.01372380952380953
0 0.6948214285714285 0.4248 0.005892857142857188 0.016190476190476134
0 0.6167 0.417647619047619 0.005707142857142777 0.019180952380952358
0 0.5805642857142856 0.3945333333333333 0.006392857142857089 0.0128476190476191
0 0.6586928571428571 0.3867142857142857 0.0047357142857142875 0.013409523809523805
0 0.6713857142857143 0.4003904761904762 0.005178571428571388 0.010457142857142897
0 0.5429714285714285 0.28906666666666664 0.004907142857142865 0.011485714285714247
0 0.5234357142857142 0.4394571428571429 0.0051214285714285875 0.008952380952380897
0 0.3537571428571428 0.2739238095238095 0.0043857142857143035 0.012161904761904789
0 0.039792857142857144 0.08297142857142857 0.005021428571428577 0.007409523809523814
0 0.6337857142857143 0.41243809523809527 0.005728571428571349 0.01470476190476191
0 0.4987785714285714 0.2866190476190476 0.006028571428571538 0.010028571428571453
0 0.3463785714285714 0.2772952380952381 0.00257142857142858 0.009142857142857135
0 0.35052142857142854 0.28053333333333336 0.002285714285714313 0.007238095238095236