0 0.22452205882352944 0.9886797385620916 0.015757352941176438 0.022627450980392105
0 0.1882279411764706 0.5917254901960785 0.00956617647058824 0.04701960784313728
0 0.3474779411764706 0.5256993464052288 0.00956617647058824 0.039019607843137294
0 0.39980882352941177 0.5036862745098039 0.015191176470588274 0.06701960784313725
0 0.4313161764705883 0.5211895424836601 0.011816176470588146 0.03201307189542477
0 0.28025735294117643 0.03913725490196079 0.007477941176470537 0.04143790849673202
0 0.22199264705882354 0.30385620915032674 0.009492647058823512 0.03887581699346406
0 0.2753676470588235 0.3307058823529412 0.012088235294117667 0.0516601307189542
0 0.2917647058823529 0.3158692810457516 0.006904411764705909 0.029163398692810462
0 0.29780882352941174 0.3023137254901961 0.008058823529411807 0.0296732026143791
0 0.3064411764705882 0.30385620915032674 0.009205882352941152 0.04705882352941176
0 0.31463970588235296 0.26139869281045747 0.007191176470588178 0.032732026143790845
0 0.3275882352941176 0.27750326797385616 0.016404411764705883 0.047568627450980394
0 0.3156470588235294 0.29413071895424836 0.010360294117647051 0.04092810457516344
0 0.3416911764705882 0.41409150326797384 0.011794117647058755 0.05269281045751626
0 0.4504558823529412 0.3700915032679738 0.0060441176470588335 0.042457516339869314
0 0.4636911764705882 0.36139869281045756 0.015249999999999986 0.048601307189542454
0 0.4651323529411765 0.3301960784313725 0.015249999999999986 0.038366013071895425