0 0.4890625 0.8347222222222223 0.0265625 0.075
0 0.4015625 0.46111111111111114 0.01875 0.05555555555555555
0 0.5828125 0.6513888888888889 0.025 0.06666666666666667
0 0.3109375 0.975 0.028125 0.05
0 0.5109375 0.07083333333333333 0.0109375 0.041666666666666664
0 0.48125 0.4625 0.01875 0.041666666666666664
0 0.56796875 0.6166666666666667 0.01875 0.05
0 0.5703125 0.5513888888888889 0.015625 0.03611111111111111
0 0.6046875 0.5819444444444445 0.009375 0.04722222222222222
0 0.80703125 0.42083333333333334 0.01875 0.07222222222222222
0 0.24140625 0.9472222222222222 0.0265625 0.03888888888888889
0 0.23125 0.8847222222222222 0.0234375 0.04722222222222222