0 0.38671875 0.28914405010438415 0.021875 0.037578288100208766
0 0.53359375 0.3465553235908142 0.0140625 0.027139874739039668
0 0.2609375 0.46450939457202506 0.015625 0.022964509394572025
0 0.25390625 0.7421711899791231 0.01875 0.027139874739039668
0 0.2390625 0.8089770354906054 0.0171875 0.031315240083507306
0 0.2859375 0.9290187891440501 0.0171875 0.025052192066805846
0 0.26171875 0.25156576200417535 0.0203125 0.029227557411273485
0 0.21796875 0.2599164926931106 0.0171875 0.029227557411273485
0 0.784375 0.23382045929018788 0.01875 0.029227557411273485
0 0.35390625 0.1022964509394572 0.0171875 0.027139874739039668
0 0.31328125 0.7265135699373695 0.0125 0.018789144050104383