0 0.58203125 0.5458333333333333 0.0078125 0.020833333333333332
0 0.578125 0.45 0.00625 0.01875
0 0.59375 0.51875 0.009375 0.01875
0 0.58984375 0.28958333333333336 0.0046875 0.0125
0 0.6203125 0.46458333333333335 0.00625 0.014583333333333334
0 0.60859375 0.47708333333333336 0.0078125 0.016666666666666666
0 0.459375 0.4625 0.00625 0.020833333333333332
0 0.99921875 0.06458333333333334 0.0015625 0.0125
0 0.6421875 0.334375 0.00625 0.016666666666666666
0 0.95234375 0.06770833333333333 0.00625 0.008333333333333333
0 0.59609375 0.33958333333333335 0.0046875 0.014583333333333334
0 0.9671875 0.07083333333333333 0.0078125 0.008333333333333333
0 0.60625 0.340625 0.00625 0.016666666666666666
0 0.94453125 0.128125 0.00625 0.0125
0 0.87109375 0.6927083333333334 0.0109375 0.01875
0 0.9734375 0.0875 0.0046875 0.010416666666666666
0 0.7390625 0.49583333333333335 0.00625 0.014583333333333334
0 0.5734375 0.4822916666666667 0.00625 0.016666666666666666
0 0.46953125 0.47291666666666665 0.0078125 0.01875
0 0.75078125 0.35208333333333336 0.00625 0.014583333333333334
0 0.62421875 0.3541666666666667 0.00625 0.016666666666666666
0 0.89296875 0.746875 0.0140625 0.016666666666666666
0 0.86640625 0.590625 0.009375 0.01875
0 0.87578125 0.7520833333333333 0.01875 0.020833333333333332
0 0.75234375 0.29270833333333335 0.0078125 0.014583333333333334
0 0.93828125 0.025 0.0125 0.010416666666666666
0 0.60078125 0.353125 0.003125 0.016666666666666666
0 0.771875 0.35625 0.0046875 0.014583333333333334
0 0.76953125 0.29270833333333335 0.003125 0.010416666666666666
0 0.62109375 0.35833333333333334 0.003125 0.014583333333333334
0 0.6140625 0.3572916666666667 0.0046875 0.014583333333333334
0 0.6171875 0.35104166666666664 0.003125 0.010416666666666666
0 0.38203125 0.5197916666666667 0.00625 0.014583333333333334
0 0.3859375 0.5114583333333333 0.0046875 0.016666666666666666