0 0.4859375 0.8481894150417827 0.028125 0.07799442896935933
0 0.5859375 0.49164345403899723 0.0203125 0.0584958217270195
0 0.40078125 0.6573816155988857 0.0265625 0.06685236768802229
0 0.65625 0.9930362116991643 0.028125 0.013927576601671309
0 0.49375 0.0947075208913649 0.0125 0.04178272980501393
0 0.5078125 0.48467966573816157 0.01875 0.04456824512534819
0 0.4171875 0.6253481894150418 0.0203125 0.05013927576601671
0 0.4171875 0.5612813370473537 0.0171875 0.03899721448467967
0 0.3828125 0.5863509749303621 0.0109375 0.04735376044568245
0 0.18984375 0.403899721448468 0.0203125 0.07242339832869081
0 0.72421875 0.9846796657381616 0.0265625 0.03064066852367688
0 0.73671875 0.9303621169916435 0.025 0.05013927576601671