0 0.2697785714285714 0.5529523809523809 0.004264285714285698 0.014450793650793672
0 0.0593 0.5323174603174603 0.0046357142857142986 0.009701587301587248
0 0.06592142857142858 0.5263746031746032 0.00516428571428571 0.009815873015872967
0 0.06681428571428571 0.5366730158730159 0.003378571428571431 0.009930158730158843
0 0.08319285714285714 0.5608634920634921 0.0063571428571428616 0.010996825396825392
0 0.06969285714285714 0.5462095238095237 0.00555714285714286 0.009231746031746013
0 0.06750714285714285 0.5498539682539683 0.0059571428571428605 0.012292063492063379
0 0.13707142857142857 0.533384126984127 0.0037071428571428646 0.008990476190476215
0 0.12092142857142855 0.5246730158730158 0.003971428571428559 0.00852063492063498
0 0.11863571428571429 0.5154920634920634 0.002978571428571453 0.007098412698412757
0 0.18223571428571428 0.5641015873015873 0.003507142857142842 0.00688253968253968
0 0.18660714285714286 0.5566222222222221 0.003507142857142842 0.005346031746031738
0 0.17168571428571427 0.595047619047619 0.004235714285714298 0.00948571428571433
0 0.17717857142857144 0.5822857142857143 0.0040999999999999925 0.008660317460317578
0 0.16413571428571427 0.5955174603174603 0.003442857142857125 0.009015873015873095
0 0.1626142857142857 0.5902222222222222 0.00277857142857143 0.006895238095238041
0 0.05516428571428571 0.4237968253968254 0.0027142857142857134 0.007961904761904748
0 0.058371428571428574 0.4293841269841269 0.0039714285714285815 0.005726984126984133
0 0.07928571428571428 0.4085587301587301 0.002914285714285714 0.00783492063492051
0 0.08299285714285713 0.4046095238095238 0.0031785714285714308 0.00770793650793659
0 0.09947857142857143 0.36394920634920636 0.004371428571428582 0.006171428571428647
0 0.08157142857142857 0.3853714285714286 0.003107142857142864 0.009473015873015968
0 0.06942857142857142 0.4064888888888889 0.003042857142857147 0.007238095238095354
0 0.07154285714285714 0.3898412698412698 0.003307142857142864 0.00853333333333334
0 0.06697857142857142 0.35936507936507933 0.0037071428571428646 0.008279365079365025
0 0.07054999999999999 0.35806984126984126 0.0037071428571428646 0.00852063492063498
0 0.07802857142857142 0.35735873015873015 0.003571428571428581 0.00852063492063498
0 0.08289285714285713 0.35076825396825395 0.004171428571428581 0.012279365079365018
0 0.07177857142857143 0.3407111111111111 0.003378571428571431 0.008393650793650823
0 0.10993571428571428 0.3108698412698413 0.005428571428571427 0.011555555555555546
0 0.10234285714285714 0.4311238095238095 0.0021642857142857076 0.008850793650793618
0 0.10908571428571427 0.6235174603174602 0.006385714285714261 0.012977777777777848
0 0.11962857142857142 0.6300444444444444 0.005057142857142827 0.011911111111111141
0 0.10950714285714284 0.3384634920634921 0.006507142857142867 0.016000000000000052
0 0.10775714285714286 0.4138285714285714 0.0037357142857143088 0.012533333333333334
0 0.11504999999999999 0.4131809523809523 0.003135714285714286 0.01638095238095237
0 0.11107142857142857 0.5121523809523809 0.005299999999999994 0.008711111111111178
0 0.010664285714285713 0.43749841269841266 0.004699999999999998 0.007187301587301596
0 0.2976571428571429 0.491695238095238 0.0028214285714286192 0.00944761904761909