0 0.65234375 0.605427974947808 0.00625 0.022964509394572025
0 0.96171875 0.04175365344467641 0.0046875 0.012526096033402923
0 0.76953125 0.7118997912317327 0.009375 0.022964509394572025
0 0.23671875 0.9780793319415448 0.009375 0.018789144050104383
0 0.1609375 0.31210855949895616 0.0078125 0.016701461377870562
0 0.37734375 0.36221294363256784 0.0078125 0.020876826722338204
0 0.36640625 0.36012526096033404 0.009375 0.020876826722338204
0 0.73984375 0.6430062630480167 0.0109375 0.027139874739039668
0 0.39375 0.35490605427974947 0.0078125 0.020876826722338204
0 0.18828125 0.15762004175365343 0.0046875 0.012526096033402923
0 0.17421875 0.15762004175365343 0.003125 0.006263048016701462
0 0.26796875 0.2567849686847599 0.0046875 0.010438413361169102
0 0.85703125 0.2244258872651357 0.0046875 0.012526096033402923
0 0.853125 0.22129436325678498 0.0046875 0.014613778705636743