0 0.453125 0.4125 0.0140625 0.05277777777777778
0 0.48125 0.28888888888888886 0.0125 0.027777777777777776
0 0.471875 0.2972222222222222 0.0078125 0.03888888888888889
0 0.47265625 0.2638888888888889 0.009375 0.025
0 0.5328125 0.325 0.0125 0.013888888888888888
0 0.46640625 0.12222222222222222 0.0109375 0.03333333333333333
0 0.4296875 0.10277777777777777 0.0046875 0.03888888888888889
0 0.43359375 0.09444444444444444 0.00625 0.016666666666666666
0 0.6484375 0.15555555555555556 0.00625 0.04722222222222222
0 0.41328125 0.06944444444444445 0.0078125 0.025
0 0.41875 0.059722222222222225 0.0109375 0.03611111111111111