0 0.83984375 0.6058495821727019 0.0109375 0.052924791086350974
0 0.66171875 0.5431754874651811 0.0109375 0.04456824512534819
0 0.603125 0.5222841225626741 0.01875 0.07520891364902507
0 0.56796875 0.5445682451253482 0.0140625 0.036211699164345405
0 0.725 0.009749303621169917 0.009375 0.019498607242339833
0 0.79609375 0.2883008356545961 0.0109375 0.04456824512534819
0 0.7375 0.32172701949860727 0.0140625 0.0584958217270195
0 0.71875 0.3064066852367688 0.0078125 0.033426183844011144
0 0.71171875 0.29108635097493035 0.009375 0.033426183844011144
0 0.70234375 0.2938718662952646 0.0109375 0.052924791086350974
0 0.6921875 0.24651810584958217 0.009375 0.036211699164345405
0 0.678125 0.266016713091922 0.01875 0.052924791086350974
0 0.69140625 0.2841225626740947 0.0125 0.04735376044568245
0 0.665625 0.4192200557103064 0.0140625 0.0584958217270195
0 0.54375 0.3774373259052925 0.0078125 0.04735376044568245
0 0.52890625 0.36908077994428967 0.01875 0.055710306406685235
0 0.5265625 0.3342618384401114 0.0171875 0.04456824512534819