0 0.03203125 0.35104166666666664 0.0109375 0.025
0 0.03984375 0.35 0.009375 0.020833333333333332
0 0.03828125 0.2375 0.0078125 0.01875
0 0.0296875 0.240625 0.00625 0.014583333333333334
0 0.115625 0.9177083333333333 0.01875 0.03333333333333333
0 0.1203125 0.8885416666666667 0.015625 0.03125
0 0.19453125 0.8927083333333333 0.0234375 0.05416666666666667
0 0.58359375 0.19270833333333334 0.0078125 0.014583333333333334
0 0.5921875 0.13333333333333333 0.0078125 0.010416666666666666
0 0.53203125 0.03333333333333333 0.003125 0.008333333333333333
0 0.546875 0.2625 0.00625 0.01875
0 0.08125 0.378125 0.009375 0.020833333333333332