0 0.771875 0.9916666666666667 0.027083333333333393 0.016666666666666666
0 0.7054375 0.36389814814814814 0.01743749999999995 0.0566111111111111
0 0.6691458333333333 0.424 0.011588541666666608 0.054935185185185274
0 0.6621458333333333 0.39696296296296296 0.011104166666666693 0.05750925925925922
0 0.6684218749999999 0.37163888888888885 0.010140624999999837 0.0566481481481481
0 0.021588541666666666 0.6602314814814814 0.025583333333333336 0.06112037037037036
0 0.13232291666666668 0.7711018518518518 0.02638541666666665 0.05827777777777783
0 0.18241145833333333 0.39082407407407405 0.013083333333333336 0.04650925925925928
0 0.193859375 0.3976111111111111 0.010536458333333342 0.03682407407407406
0 0.24963541666666664 0.29522222222222216 0.019619791666666674 0.03747222222222225
0 0.21140104166666665 0.3041111111111111 0.012244791666666633 0.03387037037037043
0 0.21781249999999996 0.3136203703703703 0.013411458333333303 0.041814814814814756
0 0.044848958333333334 0.05044444444444444 0.01525520833333333 0.050990740740740746
0 0.7104166666666666 0.1624722222222222 0.008421874999999978 0.014342592592592613
0 0.799703125 0.13409259259259257 0.006666666666666821 0.014972222222222224
0 0.5934166666666666 0.12130555555555554 0.006666666666666821 0.010601851851851841