0 0.5722642857142857 0.4394571428571429 0.006364285714285778 0.01742857142857138
0 0.5307642857142858 0.4085333333333333 0.005178571428571388 0.013876190476190568
0 0.8237285714285715 0.7630190476190476 0.015428571428571302 0.024723809523809592
0 0.5009785714285714 0.38053333333333333 0.006092857142857078 0.014476190476190472
0 0.56445 0.38248571428571426 0.0047357142857142875 0.013876190476190568
0 0.03968571428571428 0.9014095238095238 0.014557142857142857 0.021914285714285598
0 0.4937285714285714 0.3980095238095238 0.006649999999999956 0.011476190476190477
0 0.5646428571428571 0.4033523809523809 0.004499999999999993 0.011733333333333344
0 0.5798 0.3877047619047619 0.0035214285714285864 0.01121904761904761
0 0.5925142857142858 0.40322857142857144 0.0031285714285715473 0.013561904761904723
0 0.5885071428571428 0.3937047619047619 0.003714285714285737 0.011733333333333344
0 0.580292857142857 0.41782857142857144 0.007235714285714323 0.01460952380952385
0 0.5766714285714285 0.40504761904761905 0.0054785714285713995 0.008866666666666608
0 0.58655 0.4055714285714286 0.004107142857142776 0.010952380952380972
0 0.5829285714285715 0.4012666666666666 0.004299999999999926 0.010695238095238107
0 0.5232714285714286 0.38092380952380955 0.0054785714285713995 0.015914285714285725
0 0.5546642857142856 0.4000952380952381 0.004499999999999993 0.015123809523809465
0 0.5595214285714285 0.3888857142857143 0.004028571428571581 0.011476190476190477
0 0.4430642857142857 0.3637238095238095 0.0025214285714286076 0.013161904761904826
0 0.5305642857142857 0.4161047619047619 0.0027285714285714135 0.01372380952380953
0 0.6173285714285714 0.2364190476190476 0.001471428571428568 0.009523809523809549
0 0.6203785714285714 0.23305714285714288 0.0025214285714286076 0.007285714285714266
0 0.6234214285714285 0.23823809523809522 0.0031500000000001193 0.008123809523809497
0 0.6287785714285714 0.23599047619047617 0.002942857142857136 0.007561904761904732
0 0.6016785714285715 0.2322095238095238 0.0033642857142856643 0.008399999999999963
0 0.6866571428571429 0.3065809523809524 0.0027285714285714135 0.009247619047619083
0 0.6898142857142857 0.30756190476190476 0.0027285714285714135 0.00952380952380949