0 0.39453125 0.259375 0.015625 0.04583333333333333
0 0.1640625 0.253125 0.0171875 0.03958333333333333
0 0.11640625 0.253125 0.0171875 0.041666666666666664
0 0.134375 0.234375 0.015625 0.04375
0 0.19765625 0.48541666666666666 0.015625 0.035416666666666666
0 0.225 0.47708333333333336 0.0140625 0.025
0 0.28828125 0.4479166666666667 0.0125 0.025
0 0.28828125 0.46875 0.0140625 0.022916666666666665
0 0.303125 0.4635416666666667 0.0203125 0.029166666666666667
0 0.3171875 0.45416666666666666 0.0140625 0.020833333333333332
0 0.32734375 0.4354166666666667 0.015625 0.022916666666666665
0 0.2984375 0.43854166666666666 0.0125 0.027083333333333334
0 0.42109375 0.5166666666666667 0.0125 0.025
0 0.434375 0.521875 0.0125 0.027083333333333334
0 0.44453125 0.5 0.0171875 0.03333333333333333
0 0.4578125 0.5145833333333333 0.0125 0.029166666666666667
0 0.4484375 0.5979166666666667 0.01875 0.03125
0 0.46796875 0.5864583333333333 0.0125 0.04791666666666667
0 0.525 0.5958333333333333 0.01875 0.0375
0 0.54453125 0.5854166666666667 0.0234375 0.025
0 0.540625 0.6041666666666666 0.0171875 0.020833333333333332
0 0.3125 0.19479166666666667 0.0125 0.03958333333333333
0 0.49140625 0.18645833333333334 0.009375 0.035416666666666666