0 0.43125 0.9206128133704735 0.021875 0.03064066852367688
0 0.45 0.8481894150417827 0.0109375 0.033426183844011144
0 0.48125 0.8328690807799443 0.015625 0.03064066852367688
0 0.48203125 0.9540389972144847 0.0109375 0.03899721448467967
0 0.30390625 0.7506963788300836 0.0125 0.04456824512534819
0 0.3546875 0.775766016713092 0.01875 0.052924791086350974
0 0.37109375 0.5515320334261838 0.0078125 0.027855153203342618
0 0.41328125 0.45264623955431754 0.0109375 0.04456824512534819
0 0.39296875 0.33008356545961004 0.0109375 0.03899721448467967
0 0.40625 0.3328690807799443 0.009375 0.025069637883008356
0 0.409375 0.3593314763231198 0.0078125 0.027855153203342618
0 0.32109375 0.36629526462395545 0.009375 0.011142061281337047
0 0.3078125 0.3983286908077994 0.0109375 0.033426183844011144
0 0.3859375 0.34540389972144847 0.00625 0.013927576601671309
0 0.46953125 0.30919220055710306 0.0109375 0.05013927576601671
0 0.53125 0.30779944289693595 0.0078125 0.036211699164345405
0 0.53671875 0.3203342618384401 0.009375 0.04456824512534819
0 0.553125 0.31058495821727017 0.0078125 0.03899721448467967
0 0.28046875 0.11559888579387187 0.021875 0.027855153203342618
0 0.26015625 0.05988857938718663 0.0109375 0.04456824512534819
0 0.2703125 0.057103064066852366 0.0109375 0.04178272980501393
0 0.28515625 0.0584958217270195 0.0140625 0.04178272980501393
0 0.30390625 0.04317548746518106 0.009375 0.027855153203342618
0 0.521875 0.01532033426183844 0.009375 0.03064066852367688
0 0.5375 0.005571030640668524 0.00625 0.011142061281337047
0 0.7296875 0.12813370473537605 0.0109375 0.04456824512534819
0 0.734375 0.14623955431754876 0.009375 0.033426183844011144
0 0.72421875 0.47075208913649025 0.0171875 0.04735376044568245
0 0.60625 0.44428969359331477 0.0203125 0.027855153203342618
0 0.84453125 0.9220055710306406 0.0328125 0.055710306406685235
0 0.85859375 0.9387186629526463 0.0296875 0.03899721448467967
0 0.62109375 0.435933147632312 0.0125 0.03899721448467967