0 0.240625 0.27298050139275765 0.009375 0.04178272980501393
0 0.49609375 0.3342618384401114 0.009375 0.04178272980501393
0 0.45390625 0.39275766016713093 0.0125 0.055710306406685235
0 0.58125 0.25487465181058494 0.0125 0.033426183844011144
0 0.553125 0.23259052924791088 0.009375 0.036211699164345405
0 0.5078125 0.24094707520891365 0.009375 0.04178272980501393
0 0.49375 0.41643454038997213 0.0078125 0.036211699164345405
0 0.43359375 0.41086350974930363 0.009375 0.033426183844011144
0 0.39765625 0.26880222841225626 0.00625 0.03064066852367688
0 0.39453125 0.3161559888579387 0.009375 0.04178272980501393
0 0.44140625 0.35097493036211697 0.009375 0.033426183844011144
0 0.42734375 0.31058495821727017 0.0109375 0.04178272980501393
0 0.86484375 0.21727019498607242 0.0078125 0.03899721448467967
0 0.81953125 0.2520891364902507 0.009375 0.04456824512534819
0 0.5421875 0.27298050139275765 0.0109375 0.04178272980501393
0 0.58203125 0.6545961002785515 0.009375 0.03899721448467967
0 0.83125 0.2883008356545961 0.009375 0.03899721448467967
0 0.5015625 0.24930362116991645 0.0125 0.033426183844011144
0 0.93046875 0.1615598885793872 0.0109375 0.027855153203342618
0 0.59609375 0.6434540389972145 0.0125 0.06685236768802229
0 0.94921875 0.24094707520891365 0.0078125 0.025069637883008356
0 0.47734375 0.2757660167130919 0.0109375 0.033426183844011144
0 0.45234375 0.4011142061281337 0.009375 0.033426183844011144
0 0.43203125 0.4192200557103064 0.0078125 0.019498607242339833
0 0.57265625 0.0766016713091922 0.0046875 0.025069637883008356
0 0.89453125 0.24094707520891365 0.0078125 0.03899721448467967
0 0.51484375 0.2604456824512535 0.0109375 0.03899721448467967
0 0.52265625 0.26740947075208915 0.0109375 0.04456824512534819