0 0.47890625 0.6041666666666666 0.0125 0.058333333333333334
0 0.425 0.6652777777777777 0.0171875 0.05277777777777778
0 0.60390625 0.5319444444444444 0.01875 0.05555555555555555
0 0.315625 0.7097222222222223 0.021875 0.05277777777777778
0 0.46796875 0.6555555555555556 0.0203125 0.044444444444444446
0 0.37421875 0.6930555555555555 0.01875 0.05277777777777778
0 0.203125 0.7486111111111111 0.021875 0.05277777777777778
0 0.55 0.5861111111111111 0.015625 0.05
0 0.73984375 0.45555555555555555 0.015625 0.025
0 0.77421875 0.40555555555555556 0.0125 0.041666666666666664
0 0.8265625 0.31805555555555554 0.0171875 0.027777777777777776
0 0.98125 0.17777777777777778 0.0125 0.027777777777777776
0 0.959375 0.16944444444444445 0.0109375 0.03888888888888889
0 0.83984375 0.3 0.0109375 0.04722222222222222
0 0.92265625 0.2111111111111111 0.0125 0.025
0 0.9375 0.2111111111111111 0.0109375 0.025
0 0.8625 0.26666666666666666 0.0109375 0.03888888888888889