0 0.42611428571428567 0.8973714285714285 0.019535714285714257 0.027555555555555757
0 0.4467714285714286 0.8309460317460318 0.009864285714285614 0.0311746031746032
0 0.4765642857142858 0.8201777777777778 0.014357142857142869 0.02839365079365071
0 0.4728 0.9348825396825396 0.009764285714285847 0.0359111111111111
0 0.31165 0.7212825396825396 0.010935714285714226 0.039987301587301655
0 0.3584357142857143 0.7511492063492062 0.01542857142857148 0.047644444444444566
0 0.3827071428571428 0.5406730158730159 0.0071285714285714615 0.02671746031746033
0 0.42631428571428576 0.4513142857142858 0.009378571428571547 0.04074920634920637
0 0.41151428571428567 0.33253333333333335 0.008500000000000086 0.0365333333333333
0 0.42416428571428577 0.3378285714285714 0.008592857142857114 0.023161904761904772
0 0.4264071428571429 0.3625777777777778 0.0060571428571428495 0.0257777777777777
0 0.34222142857142857 0.3592761904761905 0.008792857142857092 0.0087492063492063
0 0.32849999999999996 0.3879365079365079 0.008885714285714297 0.030641269841269844
0 0.40472857142857144 0.34712380952380956 0.004885714285714294 0.01361269841269848
0 0.48539999999999994 0.3223746031746032 0.009178571428571303 0.04642539682539682
0 0.5438571428571428 0.32897777777777776 0.005957142857142728 0.0325333333333333
0 0.5488357142857143 0.3414730158730158 0.007714285714285651 0.040876190476190406
0 0.5647571428571428 0.3340952380952381 0.006735714285714245 0.03549206349206355
0 0.3131642857142857 0.11601269841269841 0.019242857142857162 0.024380952380952357
0 0.2953928571428571 0.06148571428571429 0.00830000000000002 0.04033015873015873
0 0.3056 0.05958095238095238 0.009378571428571458 0.03859047619047619
0 0.3194642857142857 0.06252698412698411 0.011328571428571443 0.03824761904761904
0 0.33758571428571427 0.05003174603174603 0.00830000000000002 0.025739682539682528
0 0.5458571428571429 0.04256507936507937 0.00702857142857134 0.04831746031746032
0 0.5622642857142857 0.037346031746031745 0.005857142857142961 0.025384126984126985
0 0.7394285714285714 0.1813206349206349 0.00859285714285729 0.042463492063492064
0 0.7433357142857143 0.19937777777777776 0.007028571428571518 0.030653968253968204
0 0.7217071428571428 0.5051428571428572 0.014750000000000086 0.042133333333333196
0 0.6099285714285714 0.46659047619047617 0.019142857142857038 0.025447619047619066
0 0.8190785714285715 0.9477460317460318 0.029957142857142925 0.05005714285714286
0 0.8325357142857142 0.9660190476190476 0.027442857142857234 0.0342730158730158
0 0.6249499999999999 0.46076190476190476 0.01053571428571427 0.03539047619047627