0 0.4078125 0.30833333333333335 0.015625 0.04791666666666667
0 0.42109375 0.5927083333333333 0.0203125 0.05
0 0.45546875 0.6197916666666666 0.021875 0.052083333333333336
0 0.38359375 0.29791666666666666 0.01875 0.04583333333333333
0 0.44453125 0.571875 0.0234375 0.041666666666666664
0 0.50390625 0.12708333333333333 0.0109375 0.03958333333333333
0 0.35390625 0.5447916666666667 0.0234375 0.03958333333333333
0 0.09375 0.50625 0.0234375 0.041666666666666664
0 0.10234375 0.4791666666666667 0.0390625 0.05625
0 0.671875 0.008333333333333333 0.0125 0.016666666666666666
0 0.51171875 0.13645833333333332 0.0078125 0.027083333333333334
0 0.49765625 0.06875 0.0109375 0.03333333333333333
0 0.2296875 0.08645833333333333 0.0140625 0.03958333333333333
0 0.24375 0.1375 0.0109375 0.03958333333333333
0 0.28359375 0.15833333333333333 0.0125 0.0375
0 0.29609375 0.15208333333333332 0.0125 0.03958333333333333