0 0.21953125 0.45208333333333334 0.0078125 0.01875
0 0.028125 0.55625 0.0078125 0.01875
0 0.24140625 0.4239583333333333 0.0078125 0.016666666666666666
0 0.23125 0.453125 0.009375 0.01875
0 0.5796875 0.8239583333333333 0.009375 0.022916666666666665
0 0.5859375 0.7364583333333333 0.009375 0.020833333333333332
0 0.6515625 0.7791666666666667 0.009375 0.020833333333333332
0 0.56484375 0.8510416666666667 0.0078125 0.022916666666666665
0 0.23359375 0.42916666666666664 0.009375 0.01875
0 0.59609375 0.8041666666666667 0.0109375 0.020833333333333332
0 0.1046875 0.4739583333333333 0.009375 0.016666666666666666
0 0.5390625 0.8864583333333333 0.009375 0.022916666666666665
0 0.57734375 0.415625 0.009375 0.0125
0 0.78203125 0.39166666666666666 0.0078125 0.016666666666666666
0 0.0953125 0.4739583333333333 0.0078125 0.0125
0 0.64609375 0.41458333333333336 0.00625 0.010416666666666666
0 0.64453125 0.42291666666666666 0.0078125 0.010416666666666666
0 0.54296875 0.7770833333333333 0.0078125 0.01875