0 0.62578125 0.6916666666666667 0.028125 0.05
0 0.51796875 0.5916666666666667 0.015625 0.041666666666666664
0 0.55390625 0.7979166666666667 0.025 0.05416666666666667
0 0.5546875 0.8427083333333333 0.025 0.07083333333333333
0 0.4625 0.5260416666666666 0.0109375 0.03125
0 0.48359375 0.6010416666666667 0.0203125 0.04375
0 0.3515625 0.5614583333333333 0.0109375 0.03958333333333333
0 0.54609375 0.7645833333333333 0.0125 0.04375
0 0.4921875 0.603125 0.0109375 0.04375
0 0.48828125 0.590625 0.0078125 0.022916666666666665
0 0.875 0.375 0.00625 0.014583333333333334
0 0.8703125 0.37395833333333334 0.0046875 0.008333333333333333
0 0.58046875 0.7302083333333333 0.025 0.05
0 0.1265625 0.540625 0.015625 0.029166666666666667
0 0.13203125 0.5385416666666667 0.0078125 0.025