0 0.50390625 0.47286012526096033 0.009375 0.012526096033402923
0 0.3953125 0.3903966597077244 0.0125 0.012526096033402923
0 0.4671875 0.47390396659707723 0.0046875 0.006263048016701462
0 0.46875 0.534446764091858 0.00625 0.010438413361169102
0 0.478125 0.5323590814196242 0.0078125 0.010438413361169102
0 0.53046875 0.5678496868475992 0.00625 0.012526096033402923
0 0.50390625 0.19624217118997914 0.009375 0.018789144050104383
0 0.48984375 0.16910229645093947 0.009375 0.016701461377870562
0 0.50078125 0.1409185803757829 0.0078125 0.020876826722338204
0 0.5 0.10334029227557412 0.009375 0.020876826722338204
0 0.515625 0.09812108559498957 0.0078125 0.016701461377870562
0 0.6203125 0.08037578288100208 0.0109375 0.022964509394572025
0 0.63671875 0.2620041753653445 0.0109375 0.020876826722338204
0 0.62734375 0.34029227557411273 0.015625 0.029227557411273485
0 0.596875 0.36430062630480164 0.0109375 0.022964509394572025
0 0.60859375 0.35908141962421714 0.009375 0.012526096033402923
0 0.56875 0.35073068893528186 0.009375 0.014613778705636743
0 0.43984375 0.5918580375782881 0.0078125 0.012526096033402923
0 0.55546875 0.593945720250522 0.0078125 0.010438413361169102
0 0.5828125 0.5981210855949896 0.00625 0.010438413361169102
0 0.71015625 0.5793319415448852 0.0125 0.018789144050104383
0 0.69609375 0.4164926931106472 0.0078125 0.014613778705636743
0 0.7375 0.4175365344467641 0.009375 0.016701461377870562
0 0.33984375 0.5824634655532359 0.0078125 0.008350730688935281