0 0.18799000000000002 0.07043333333333333 0.009269999999999978 0.020333333333333335
0 0.5581050000000001 0.2897133333333333 0.009934999999999939 0.028279999999999934
0 0.569825 0.28775999999999996 0.009854999999999947 0.030173333333333354
0 0.7874700000000001 0.7423333333333333 0.026454999999999985 0.057060000000000125
0 0.542355 0.2624866666666667 0.009339999999999904 0.024899999999999995
0 0.442755 0.33356 0.012450000000000117 0.030086666666666654
0 0.40735 0.31021333333333334 0.019455 0.02905333333333336
0 0.686115 0.27856 0.01266000000000016 0.03306000000000005
0 0.672925 0.27451333333333333 0.007915000000000028 0.032006666666666676
0 0.677805 0.2863 0.007119999999999927 0.03306000000000005
0 0.67952 0.26800666666666667 0.0042200000000001125 0.005626666666666698
0 0.77923 0.11624000000000002 0.008440000000000048 0.02637999999999998
0 0.495265 0.14631333333333335 0.004485000000000028 0.026733333333333335
0 0.50344 0.15053333333333332 0.003955000000000019 0.017586666666666653