0 0.5953125 0.3645833333333333 0.0203125 0.035416666666666666
0 0.14296875 0.6270833333333333 0.0265625 0.03125
0 0.24296875 0.83125 0.0203125 0.029166666666666667
0 0.3265625 0.83125 0.0078125 0.029166666666666667
0 0.32421875 0.8114583333333333 0.0125 0.03125
0 0.340625 0.8302083333333333 0.0125 0.029166666666666667
0 0.6828125 0.38958333333333334 0.015625 0.029166666666666667
0 0.68359375 0.3697916666666667 0.015625 0.027083333333333334
0 0.6390625 0.325 0.0140625 0.03125
0 0.86796875 0.2875 0.009375 0.020833333333333332
0 0.87421875 0.284375 0.009375 0.016666666666666666
0 0.859375 0.21145833333333333 0.0171875 0.029166666666666667
0 0.73359375 0.29270833333333335 0.0125 0.027083333333333334
0 0.73671875 0.29791666666666666 0.0078125 0.016666666666666666
0 0.171875 0.303125 0.0125 0.01875
0 0.15 0.30833333333333335 0.01875 0.029166666666666667
0 0.10546875 0.184375 0.0171875 0.03125