0 0.39750735294117645 0.5459607843137255 0.010632352941176482 0.033084967320261345
0 0.4059264705882352 0.5451764705882353 0.015066176470588211 0.03466666666666672
0 0.5238014705882353 0.7425228758169935 0.012411764705882433 0.037032679738561884
0 0.5448529411764705 0.7346405228758169 0.013735294117647179 0.0401830065359478
0 0.5747647058823528 0.7220392156862745 0.014183823529411655 0.0401830065359478
0 0.5774264705882353 0.7637908496732025 0.012411764705882433 0.037032679738561884
0 0.5911617647058824 0.7618300653594771 0.008860294117646994 0.04253594771241814
0 0.5962573529411764 0.7377908496732025 0.009308823529411824 0.027568627450980265
0 0.9860073529411764 0.33955555555555555 0.008860294117647171 0.03151633986928104
0 0.9893308823529411 0.31512418300653594 0.01196323529411778 0.01733333333333336
0 0.6403529411764706 0.1587450980392157 0.007977941176470438 0.029150326797385637
0 0.6341470588235294 0.14890196078431372 0.005316176470588197 0.029934640522875828
0 0.6212941176470588 0.14062745098039214 0.005316176470588197 0.03230065359477123
0 0.604014705882353 0.1508627450980392 0.005316176470588197 0.027568627450980383
0 0.5860661764705882 0.1319607843137255 0.008419117647058804 0.03388235294117645
0 0.6012647058823529 0.12979084967320262 0.00483823529411751 0.029555555555555557
0 0.5503235294117648 0.01720261437908497 0.00453676470588249 0.026875816993464044
0 0.5451838235294117 0.01720261437908497 0.00453676470588249 0.02901960784313725
0 0.21916176470588233 0.17169934640522874 0.008463235294117678 0.02741176470588233
0 0.07905147058823529 0.182718954248366 0.013000000000000012 0.031163398692810457
0 0.3023308823529412 0.2085228758169935 0.007838235294117623 0.020901960784313743
0 0.9557941176470589 0.052183006535947714 0.005816176470588274 0.017725490196078435