0 0.029464285714285714 0.6184126984126984 0.01567857142857143 0.025168253968254027
0 0.2685142857142857 0.6203301587301587 0.014778571428571485 0.04054603174603165
0 0.3931285714285714 0.5930920634920634 0.012071428571428644 0.032203174603174664
0 0.4905285714285714 0.6418031746031746 0.015500000000000114 0.04119365079365072
0 0.49647857142857144 0.7453079365079365 0.005764285714285755 0.0329142857142857
0 0.32266428571428574 0.7909714285714285 0.01603571428571433 0.03772698412698408
0 0.55775 0.501511111111111 0.013692857142857128 0.03549206349206347
0 0.5956857142857144 0.39384126984126977 0.008471428571428418 0.03930158730158742
0 0.5898285714285714 0.3347174603174603 0.01081428571428571 0.030615873015873044
0 0.6017214285714285 0.19116190476190476 0.008649999999999913 0.028000000000000035
0 0.5982999999999999 0.1522285714285714 0.008292857142857102 0.021257142857142874
0 0.4787285714285714 0.41579682539682544 0.008107142857142868 0.03513650793650795
0 0.4888214285714286 0.41964444444444443 0.008828571428571408 0.031301587301587275
0 0.10842857142857143 0.3604063492063492 0.010657142857142875 0.03287619047619046