0 0.6860357142857143 0.46809523809523806 0.016721428571428554 0.04712380952380949
0 0.6206071428571429 0.31282857142857146 0.010564285714285759 0.042647619047619045
0 0.8266571428571428 0.5042285714285715 0.016721428571428377 0.047199999999999895
0 0.7182642857142858 0.3028952380952381 0.012571428571428456 0.042476190476190466
0 0.03869285714285715 0.06965714285714286 0.016664285714285722 0.036009523809523804
0 0.0401 0.7792952380952382 0.03710714285714286 0.0506952380952382
0 0.31152142857142856 0.48893333333333333 0.01615714285714285 0.02589523809523809
0 0.013478571428571428 0.887847619047619 0.020799999999999996 0.03594285714285708
0 0.014635714285714285 0.9248190476190475 0.02002857142857143 0.040057142857142715
0 0.18216428571428572 0.7789809523809522 0.025421428571428574 0.03594285714285708
0 0.17214999999999997 0.7389333333333333 0.01925714285714286 0.029780952380952404
0 0.1898642857142857 0.7235238095238096 0.01925714285714286 0.03389523809523804
0 0.20257857142857144 0.7502285714285715 0.018485714285714307 0.029780952380952404
0 0.31142142857142857 0.4642857142857143 0.013114285714285679 0.02090476190476191
0 0.3197428571428571 0.5803047619047619 0.018871428571428518 0.024314285714285688
0 0.30662857142857136 0.5647333333333333 0.014392857142857096 0.025590476190476132
0 0.30934285714285714 0.5455428571428572 0.016635714285714264 0.014504761904761902
0 0.33285714285714285 0.5474571428571429 0.014392857142857096 0.02772380952380947
0 0.34661428571428565 0.553647619047619 0.014392857142857096 0.023885714285714243
0 0.34469285714285713 0.5888285714285714 0.018871428571428518 0.026876190476190467
0 0.6630642857142857 0.3393904761904762 0.012185714285714333 0.0395428571428571