0 0.37866428571428573 0.6347619047619047 0.01763571428571433 0.018676190476190395
0 0.31152142857142856 0.8085904761904762 0.012921428571428617 0.020895238095238255
0 0.32885714285714285 0.6816380952380953 0.010171428571428543 0.016971428571428505
0 0.3493642857142857 0.8098952380952381 0.01238571428571431 0.021542857142857013
0 0.44604285714285713 0.7454380952380952 0.009192857142857136 0.020171428571428625
0 0.34057857142857145 0.8404952380952381 0.014499999999999957 0.021114285714285804
0 0.4296857142857142 0.8938761904761905 0.010057142857142765 0.01971428571428575
0 0.22241428571428573 0.7617142857142857 0.011114285714285632 0.01540000000000011
0 0.2619642857142857 0.8339809523809524 0.010171428571428543 0.018819047619047544
0 0.45507857142857144 0.5136761904761905 0.008378571428571392 0.020333333333333196
0 0.43478571428571433 0.49562857142857136 0.007307142857142956 0.022542857142857167
0 0.48755000000000004 0.5207714285714286 0.007235714285714323 0.017599999999999956
0 0.4595571428571429 0.47693333333333326 0.00743571428571439 0.019171428571428586
0 0.42628571428571427 0.441552380952381 0.006242857142857083 0.021199999999999976
0 0.4640071428571429 0.43416190476190475 0.00677142857142865 0.018628571428571425
0 0.4944571428571429 0.4560380952380952 0.005114285714285849 0.023066666666666673
0 0.5036214285714287 0.4486857142857143 0.005114285714285849 0.02217142857142858
0 0.5076071428571428 0.469847619047619 0.00829999999999984 0.018819047619047662
0 0.5119571428571429 0.4582 0.006242857142857083 0.016247619047618993
0 0.5141142857142856 0.4463333333333333 0.007771428571428629 0.016952380952380962
0 0.197 0.21091428571428572 0.008735714285714314 0.018761904761904744
0 0.27077142857142855 0.2737904761904762 0.006300000000000061 0.017714285714285703
0 0.4723928571428571 0.3145047619047619 0.006299999999999884 0.009733333333333387
0 0.8255928571428571 0.3790571428571428 0.004735714285714465 0.014942857142857235
0 0.9057857142857142 0.42950476190476194 0.007357142857143018 0.014285714285714235
0 0.9446 0.4713428571428571 0.008285714285714363 0.02086666666666659