0 0.31372142857142854 0.18831428571428568 0.004100000000000037 0.016971428571428564
0 0.2579642857142857 0.675952380952381 0.025235714285714295 0.06290476190476184
0 0.21989285714285717 0.5913714285714285 0.020728571428571384 0.039733333333333336
0 0.2721571428571429 0.5336857142857142 0.015771428571428638 0.04872380952380955
0 0.3035285714285714 0.5185809523809524 0.01700714285714282 0.03925714285714292
0 0.3182857142857143 0.5239904761904762 0.011378571428571415 0.02302857142857147
0 0.3546714285714286 0.5041619047619047 0.011150000000000038 0.03383809523809518
0 0.3638571428571428 0.4889142857142857 0.012614285714285689 0.02767619047619038
0 0.3536071428571429 0.4838095238095238 0.011042857142857177 0.021066666666666598
0 0.2968857142857143 0.4755428571428571 0.013178571428571484 0.04419047619047613
0 0.16379285714285713 0.5233142857142856 0.019378571428571422 0.05322857142857149
0 0.1461642857142857 0.5071714285714285 0.021292857142857134 0.05066666666666665
0 0.24302857142857143 0.5545142857142856 0.01808571428571435 0.030933333333333243
0 0.052514285714285715 0.5353714285714285 0.02156428571428571 0.025228571428571437
0 0.10730714285714285 0.5342476190476191 0.02086428571428569 0.022180952380952353
0 0.3278785714285714 0.3917523809523809 0.008942857142857096 0.043219047619047636
0 0.23855714285714286 0.4756857142857143 0.019871428571428585 0.01476190476190477
0 0.3235785714285714 0.19183809523809525 0.0032285714285714027 0.01200952380952381
0 0.6369285714285715 0.38381904761904756 0.007571428571428562 0.029628571428571487
0 0.7796000000000001 0.33644761904761905 0.0055714285714287826 0.02931428571428564
0 0.8084428571428571 0.49667619047619044 0.02115714285714283 0.026352380952380964
0 0.7687428571428571 0.6369619047619046 0.018599999999999995 0.0387333333333333
0 0.7347714285714286 0.9185714285714286 0.02817857142857143 0.08251428571428576
0 0.7563214285714285 0.9297047619047619 0.023835714285714182 0.0762857142857141
0 0.19622142857142855 0.39731428571428573 0.007828571428571452 0.02421904761904751
0 0.19308571428571428 0.31473333333333336 0.007885714285714274 0.02056190476190475
0 0.2302285714285714 0.3122857142857143 0.00912857142857142 0.016171428571428594
0 0.03315 0.5294857142857142 0.016335714285714287 0.02420000000000009