0 0.40795714285714285 0.25456190476190477 0.014228571428571434 0.0437809523809524
0 0.18115 0.2324190476190476 0.01536428571428572 0.03706666666666667
0 0.1342785714285714 0.2285142857142857 0.01467142857142858 0.03953333333333333
0 0.15270714285714285 0.21159047619047616 0.013585714285714267 0.04127619047619048
0 0.2054642857142857 0.4630380952380952 0.014521428571428619 0.03317142857142864
0 0.23290714285714284 0.4566095238095238 0.013114285714285768 0.023400000000000056
0 0.29640714285714287 0.43260952380952383 0.0120857142857143 0.024761904761904794
0 0.29525 0.45283809523809526 0.0128571428571429 0.022028571428571436
0 0.3104142857142857 0.448552380952381 0.018507142857142878 0.027847619047619076
0 0.32417142857142855 0.44049523809523805 0.013621428571428585 0.019961904761904847
0 0.33457857142857145 0.42292380952380954 0.014392857142857096 0.020809523809523847
0 0.3064285714285714 0.42352380952380947 0.0120857142857143 0.02509523809523806
0 0.42429999999999995 0.5088 0.011828571428571345 0.023933333333333452
0 0.43644285714285713 0.5152285714285714 0.01067142857142862 0.025476190476190416
0 0.4476928571428571 0.4938952380952381 0.015421428571428563 0.03112380952380948
0 0.4602214285714285 0.5088857142857143 0.011957142857142777 0.027190476190476195
0 0.4478857142857143 0.5901428571428571 0.016578571428571463 0.02927619047619056
0 0.4671 0.5809714285714286 0.011057142857142922 0.046933333333333375
0 0.5227571428571428 0.593742857142857 0.0167071428571429 0.03647619047619036
0 0.5425500000000001 0.5845714285714284 0.022364285714285614 0.02327619047619057
0 0.5377357142857143 0.6034285714285714 0.016578571428571463 0.019857142857142664
0 0.32944285714285715 0.18503809523809522 0.010192857142857115 0.03789523809523813
0 0.5060642857142856 0.1894095238095238 0.007428571428571474 0.033819047619047575