0 0.56015625 0.9125 0.0203125 0.030555555555555555
0 0.54140625 0.8430555555555556 0.0109375 0.03333333333333333
0 0.5109375 0.8291666666666667 0.015625 0.030555555555555555
0 0.51171875 0.9458333333333333 0.0109375 0.03611111111111111
0 0.68125 0.7444444444444445 0.0125 0.041666666666666664
0 0.6328125 0.7708333333333334 0.0171875 0.05
0 0.61484375 0.5555555555555556 0.0078125 0.027777777777777776
0 0.5734375 0.4597222222222222 0.0109375 0.041666666666666664
0 0.5921875 0.3416666666666667 0.009375 0.03888888888888889
0 0.57890625 0.3458333333333333 0.009375 0.025
0 0.57578125 0.36944444444444446 0.00625 0.027777777777777776
0 0.6609375 0.375 0.009375 0.008333333333333333
0 0.67421875 0.40555555555555556 0.009375 0.030555555555555555
0 0.5984375 0.35694444444444445 0.0046875 0.013888888888888888
0 0.5171875 0.3236111111111111 0.0109375 0.04722222222222222
0 0.4578125 0.325 0.00625 0.03333333333333333
0 0.45234375 0.3375 0.009375 0.041666666666666664
0 0.4359375 0.3277777777777778 0.0078125 0.03611111111111111
0 0.6984375 0.13055555555555556 0.0203125 0.027777777777777776
0 0.71796875 0.0763888888888889 0.009375 0.041666666666666664
0 0.7078125 0.07361111111111111 0.0109375 0.03888888888888889
0 0.69296875 0.0763888888888889 0.0125 0.03888888888888889
0 0.675 0.06111111111111111 0.009375 0.027777777777777776
0 0.4640625 0.034722222222222224 0.0078125 0.05
0 0.44765625 0.027777777777777776 0.00625 0.025
0 0.26328125 0.15694444444444444 0.009375 0.044444444444444446
0 0.259375 0.175 0.0078125 0.030555555555555555
0 0.271875 0.4875 0.015625 0.044444444444444446
0 0.38671875 0.4583333333333333 0.0203125 0.027777777777777776
0 0.16015625 0.9263888888888889 0.03125 0.05277777777777778
0 0.1453125 0.9444444444444444 0.028125 0.03611111111111111
0 0.37109375 0.4513888888888889 0.0125 0.03611111111111111