0 0.39921875 0.4010416666666667 0.01875 0.03333333333333333
0 0.82421875 0.709375 0.025 0.029166666666666667
0 0.71328125 0.8979166666666667 0.01875 0.027083333333333334
0 0.63125 0.8875 0.00625 0.027083333333333334
0 0.63515625 0.86875 0.0109375 0.029166666666666667
0 0.61796875 0.884375 0.0109375 0.029166666666666667
0 0.31171875 0.415625 0.0140625 0.027083333333333334
0 0.31171875 0.3958333333333333 0.0140625 0.027083333333333334
0 0.3578125 0.3572916666666667 0.0125 0.029166666666666667
0 0.13671875 0.2947916666666667 0.0078125 0.01875
0 0.13125 0.290625 0.0078125 0.016666666666666666
0 0.15 0.22083333333333333 0.015625 0.027083333333333334
0 0.26875 0.3145833333333333 0.0109375 0.025
0 0.2640625 0.31979166666666664 0.0078125 0.016666666666666666
0 0.81640625 0.38958333333333334 0.0125 0.016666666666666666
0 0.8375 0.3958333333333333 0.0171875 0.027083333333333334
0 0.8890625 0.28020833333333334 0.015625 0.029166666666666667
0 0.99765625 0.35520833333333335 0.0046875 0.03125