0 0.41333000000000003 0.30843333333333334 0.012429999999999986 0.0456533333333334
0 0.41186500000000004 0.5846333333333333 0.016985000000000028 0.04732000000000009
0 0.44336000000000003 0.6139333333333333 0.01805000000000003 0.04829999999999993
0 0.390135 0.29557333333333335 0.016279999999999982 0.043213333333333284
0 0.43530500000000005 0.5667333333333334 0.020139999999999957 0.038493333333333386
0 0.515135 0.14200666666666667 0.00884999999999998 0.037920000000000016
0 0.348875 0.5319 0.020340000000000025 0.03706666666666655
0 0.09921500000000001 0.4712933333333334 0.02044999999999999 0.0375866666666667
0 0.10944000000000001 0.44586666666666663 0.03537500000000001 0.05158666666666676
0 0.68372 0.03611333333333334 0.00995000000000008 0.029479999999999996
0 0.522325 0.15181333333333333 0.006634999999999991 0.02653333333333337
0 0.5121 0.08475333333333332 0.009394999999999954 0.032426666666666645
0 0.25204499999999996 0.07775333333333333 0.011054999999999992 0.03758666666666667
0 0.26282 0.12823333333333334 0.008289999999999954 0.038320000000000014
0 0.300685 0.15218666666666666 0.011054999999999992 0.034639999999999976
0 0.31284500000000004 0.14739333333333335 0.00995000000000008 0.03832000000000003