0 0.5151356993736952 0.816515889584783 0.02400835073068901 0.07051728137323134
0 0.5937526096033403 0.46224077940153097 0.016466597077244315 0.05300858269543025
0 0.4250469728601252 0.6475713291579679 0.0230271398747389 0.061303641846439265
0 0.6855480167014614 0.9557318487589886 0.02635177453027122 0.0632057527255856
0 0.4873068893528183 0.09814892136395269 0.010407098121085668 0.0382741823242867
0 0.518554279749478 0.4661470656460218 0.016586638830897726 0.039090698213871476
0 0.4384759916492693 0.6137137555091625 0.017379958246346482 0.04649501275806074
0 0.4357202505219207 0.5527627000695894 0.014284968684759924 0.03435861749014148
0 0.40399791231732773 0.582268615170494 0.007985386221294277 0.04407330085826955
0 0.21122651356993732 0.4366597077244259 0.016711899791231756 0.06770586870795638
0 0.7490605427974948 0.9162514497796335 0.024117954070981183 0.03703085131060075
0 0.7581993736951984 0.8568128044537229 0.021925887265135734 0.044175365344467664