0 0.41455000000000003 0.58496 0.005799999999999983 0.02112000000000004
0 0.14477500000000001 0.07568666666666667 0.004519999999999991 0.01054000000000001
0 0.30859500000000006 0.6770866666666666 0.00854499999999998 0.02112000000000004
0 0.78174 0.9264333333333334 0.00874499999999987 0.017026666666666537
0 0.01445 0.18180666666666664 0.0067199999999999985 0.012166666666666675
0 0.856935 0.33366 0.007345000000000113 0.014933333333333347
0 0.663085 0.3733733333333333 0.007234999999999836 0.018606666666666764
0 0.6728500000000001 0.37174666666666667 0.008094999999999963 0.018899999999999886
0 0.33618000000000003 0.6165333333333333 0.009229999999999983 0.023519999999999895
0 0.648925 0.36685999999999996 0.007065000000000055 0.018819999999999955
0 0.791505 0.9537733333333335 0.011329999999999885 0.01949333333333314
0 0.834835 0.19480666666666666 0.004084999999999894 0.011253333333333337
0 0.8472250000000001 0.19517333333333334 0.00326999999999984 0.0061733333333333345
0 0.7621249999999999 0.2815933333333333 0.004085000000000072 0.009080000000000036
0 0.23584 0.2411066666666667 0.0038149999999999907 0.01161999999999998
0 0.239655 0.23837999999999998 0.0038149999999999907 0.01343333333333335