0 0.82109375 0.4583333333333333 0.009375 0.019444444444444445
0 0.84453125 0.4708333333333333 0.0125 0.03888888888888889
0 0.8203125 0.4666666666666667 0.0125 0.03611111111111111
0 0.84375 0.4638888888888889 0.009375 0.019444444444444445
0 0.765625 0.4583333333333333 0.0125 0.041666666666666664
0 0.9015625 0.47638888888888886 0.0125 0.03888888888888889
0 0.9859375 0.4736111111111111 0.0125 0.03333333333333333
0 0.9015625 0.4791666666666667 0.009375 0.025
0 0.9171875 0.4486111111111111 0.00625 0.027777777777777776
0 0.925 0.45555555555555555 0.0078125 0.027777777777777776
0 0.93828125 0.4583333333333333 0.00625 0.025
0 0.94296875 0.44583333333333336 0.0046875 0.019444444444444445
0 0.9921875 0.48194444444444445 0.009375 0.03333333333333333
0 0.89609375 0.3597222222222222 0.009375 0.03333333333333333
0 0.5796875 0.275 0.00625 0.030555555555555555
0 0.64453125 0.125 0.00625 0.030555555555555555
0 0.6609375 0.12638888888888888 0.0078125 0.030555555555555555