0 0.43359375 0.13194444444444445 0.0046875 0.013888888888888888
0 0.30390625 0.1597222222222222 0.0046875 0.008333333333333333
0 0.30703125 0.1527777777777778 0.00625 0.008333333333333333
0 0.26640625 0.175 0.00625 0.008333333333333333
0 0.19453125 0.16944444444444445 0.0046875 0.005555555555555556
0 0.16640625 0.14583333333333334 0.00625 0.011111111111111112
0 0.2046875 0.12083333333333333 0.00625 0.008333333333333333
0 0.2125 0.10972222222222222 0.0078125 0.011111111111111112
0 0.08125 0.14444444444444443 0.00625 0.008333333333333333
0 0.09140625 0.011111111111111112 0.0109375 0.013888888888888888
0 0.1796875 0.006944444444444444 0.0046875 0.011111111111111112
0 0.42578125 0.8791666666666667 0.0046875 0.011111111111111112
0 0.4203125 0.8777777777777778 0.003125 0.013888888888888888
0 0.6046875 0.8722222222222222 0.003125 0.008333333333333333
0 0.609375 0.8638888888888889 0.0046875 0.011111111111111112
0 0.59609375 0.7611111111111111 0.003125 0.011111111111111112
0 0.55859375 0.4152777777777778 0.003125 0.008333333333333333
0 0.5546875 0.41944444444444445 0.003125 0.008333333333333333
0 0.55 0.4222222222222222 0.003125 0.008333333333333333
0 0.5375 0.3111111111111111 0.0046875 0.008333333333333333
0 0.76875 0.24722222222222223 0.00625 0.011111111111111112
0 0.721875 0.03333333333333333 0.0046875 0.011111111111111112
0 0.728125 0.0375 0.0046875 0.013888888888888888
0 0.96875 0.7347222222222223 0.0078125 0.013888888888888888