0 0.5232214285714286 0.48547619047619045 0.007835714285714345 0.010266666666666662
0 0.42151428571428573 0.4204095238095238 0.011321428571428527 0.010923809523809542
0 0.4901428571428571 0.48944761904761896 0.0034928571428572753 0.0045999999999999375
0 0.4942714285714286 0.5436095238095238 0.005107142857142932 0.009390476190475994
0 0.5029571428571428 0.5412285714285713 0.007150000000000034 0.008704761904761918
0 0.5511928571428572 0.5685904761904761 0.005021428571428466 0.011666666666666714
0 0.5102571428571429 0.23738095238095236 0.008235714285714301 0.016723809523809526
0 0.49613571428571424 0.2140952380952381 0.00716428571428569 0.013647619047619013
0 0.5045785714285713 0.1882952380952381 0.006750000000000078 0.018685714285714285
0 0.5018571428571429 0.15437142857142855 0.00724285714285724 0.017380952380952407
0 0.5156071428571429 0.14822857142857143 0.006092857142857078 0.014304761904761895
0 0.6093142857142857 0.12423809523809523 0.008728571428571464 0.019676190476190493
0 0.6324071428571428 0.28526666666666667 0.008978571428571414 0.018314285714285696
0 0.6272214285714286 0.35595238095238096 0.012435714285714283 0.025304761904761955
0 0.6014928571428572 0.38065714285714286 0.008892857142857124 0.019390476190476253
0 0.6117 0.375 0.007578571428571301 0.010047619047618995
0 0.5754714285714285 0.37039047619047616 0.00724285714285724 0.012685714285714293
0 0.4710642857142857 0.5977619047619047 0.006914285714285739 0.01027619047619055
0 0.5750571428571429 0.5899142857142857 0.006421428571428578 0.008399999999999845
0 0.6000071428571429 0.5909523809523809 0.004942857142857271 0.0085142857142858
0 0.7131857142857143 0.5632952380952381 0.010850000000000115 0.016085714285714422
0 0.6930857142857143 0.4189904761904762 0.006099999999999994 0.011819047619047634
0 0.7299357142857142 0.4163523809523809 0.008328571428571508 0.015047619047618947
0 0.38089999999999996 0.5969523809523809 0.007292857142857212 0.007600000000000051