0 0.21631002087682671 0.48524240315472056 0.012573068893528206 0.038441196938065365
0 0.2785647181628393 0.4600695894224077 0.007933194154488543 0.03304105775922055
0 0.23522964509394573 0.46441196938065415 0.007009394572025052 0.02983994432846215
0 0.5395511482254698 0.6150127580607747 0.010328810020876844 0.04475991649269307
0 0.09204070981210856 0.5190999768035258 0.014504175365344475 0.04258872651356995
0 0.2590344467640918 0.4830712131755973 0.01342901878914402 0.030545117142194378
0 0.13879436325678499 0.16894456042681513 0.004504175365344443 0.018501507770818847
0 0.5576148225469729 0.6119786592437949 0.008919624217119093 0.03228021340756205
0 0.15930062630480168 0.18121085594989564 0.006289144050104367 0.02405938297378801
0 0.13965031315240084 0.19434006031083276 0.004347599164926974 0.015365344467640953
0 0.4990240083507307 0.3567710508002784 0.007207724425887285 0.027863604732080677
0 0.1795668058455115 0.5060728369287868 0.014786012526096038 0.030081187659475796
0 0.5449217118997912 0.583335652980747 0.01384655532359087 0.037541173741591334
0 0.5537108559498957 0.6180561354674089 0.009519832985386145 0.026082115518441164
0 0.21252609603340292 0.474395731848759 0.005553235908141918 0.01530967292971468
0 0.5849634655532359 0.004694966365112503 0.007964509394572161 0.009389932730225006
0 0.1442849686847599 0.039304105775922055 0.003100208768267265 0.010187891440501052
0 0.13708246346555322 0.0390906982138715 0.003376826722338233 0.011310600788680123
0 0.5048068893528184 0.34583159359777316 0.002291231732776744 0.01391788448155877
0 0.5093893528183716 0.35686383669682203 0.005730688935281769 0.031918348411041464