0 0.87890625 0.2453027139874739 0.0203125 0.025052192066805846
0 0.16328125 0.8789144050104384 0.009375 0.014613778705636743
0 0.27734375 0.6910229645093946 0.0125 0.014613778705636743
0 0.48359375 0.47286012526096033 0.0078125 0.016701461377870562
0 0.46640625 0.5501043841336117 0.0078125 0.012526096033402923
0 0.9546875 0.3987473903966597 0.009375 0.014613778705636743
0 0.9609375 0.3935281837160752 0.0078125 0.008350730688935281
0 0.77421875 0.08455114822546973 0.0078125 0.008350730688935281
0 0.7765625 0.09498956158663883 0.009375 0.018789144050104383
0 0.60390625 0.0709812108559499 0.009375 0.020876826722338204
0 0.70859375 0.033402922755741124 0.0078125 0.022964509394572025
0 0.684375 0.08037578288100208 0.0125 0.022964509394572025
0 0.5359375 0.0041753653444676405 0.00625 0.008350730688935281
0 0.34453125 0.477035490605428 0.0046875 0.010438413361169102