0 0.5921875 0.10972222222222222 0.00625 0.027777777777777776
0 0.6 0.11388888888888889 0.00625 0.027777777777777776
0 0.5640625 0.8930555555555556 0.0109375 0.013888888888888888
0 0.5578125 0.9069444444444444 0.0078125 0.013888888888888888
0 0.57109375 0.9194444444444444 0.0078125 0.019444444444444445
0 0.590625 0.9347222222222222 0.0078125 0.011111111111111112
0 0.59765625 0.9430555555555555 0.00625 0.016666666666666666
0 0.58984375 0.9666666666666667 0.0078125 0.022222222222222223
0 0.453125 0.1638888888888889 0.0078125 0.027777777777777776
0 0.34453125 0.2652777777777778 0.009375 0.025
0 0.34765625 0.013888888888888888 0.00625 0.019444444444444445
0 0.59765625 0.11944444444444445 0.00625 0.022222222222222223