0 0.8798857142857142 0.27945714285714285 0.01757857142857162 0.022219047619047673
0 0.21358571428571427 0.9852666666666666 0.015007142857142863 0.013533333333333293
0 0.16835714285714284 0.8178666666666666 0.007500000000000018 0.014123809523809427
0 0.28595714285714285 0.6495809523809524 0.010592857142857159 0.01294285714285716
0 0.4927071428571428 0.46041904761904756 0.006621428571428644 0.014714285714285798
0 0.47284999999999994 0.532790476190476 0.007499999999999929 0.01118095238095235
0 0.9443714285714284 0.43217142857142854 0.008828571428571408 0.012352380952381026
0 0.9503285714285715 0.4280571428571428 0.006621428571428467 0.007647619047619022
0 0.7888142857142857 0.11826666666666667 0.007499999999999929 0.007057142857142858
0 0.7903571428571429 0.12768571428571426 0.00794285714285703 0.016476190476190488
0 0.6270785714285714 0.09002857142857142 0.00794285714285703 0.02000952380952379
0 0.7285785714285714 0.06383809523809524 0.0070571428571430065 0.02059047619047619
0 0.7034214285714285 0.1062095238095238 0.01059285714285707 0.02059047619047618
0 0.5672857142857143 0.017647619047619047 0.004857142857142805 0.017647619047619054
0 0.3605357142857143 0.4518857142857143 0.004414285714285704 0.009409523809523772