0 0.27109375 0.5135416666666667 0.01875 0.052083333333333336
0 0.33984375 0.34270833333333334 0.0125 0.04583333333333333
0 0.11875 0.55625 0.01875 0.052083333333333336
0 0.23359375 0.334375 0.0140625 0.04583333333333333
0 0.96796875 0.06458333333333334 0.01875 0.03958333333333333
0 0.9765625 0.834375 0.040625 0.05625
0 0.678125 0.5260416666666666 0.0171875 0.029166666666666667
0 0.99765625 0.9510416666666667 0.0046875 0.03958333333333333
0 0.9984375 0.978125 0.003125 0.01875
0 0.82265625 0.8375 0.028125 0.03958333333333333
0 0.8328125 0.79375 0.021875 0.03333333333333333
0 0.81328125 0.778125 0.021875 0.0375
0 0.8 0.8072916666666666 0.0203125 0.03333333333333333
0 0.67734375 0.5 0.0140625 0.022916666666666665
0 0.6703125 0.6260416666666667 0.0203125 0.027083333333333334
0 0.684375 0.6083333333333333 0.015625 0.029166666666666667
0 0.68125 0.5875 0.01875 0.016666666666666666
0 0.65546875 0.590625 0.015625 0.03125
0 0.640625 0.5979166666666667 0.015625 0.027083333333333334
0 0.64296875 0.6354166666666666 0.0203125 0.029166666666666667
0 0.29453125 0.3729166666666667 0.0140625 0.04375