0 0.1765625 0.4718162839248434 0.01875 0.027139874739039668
0 0.14375 0.4801670146137787 0.0109375 0.03549060542797495
0 0.15234375 0.48538622129436326 0.0078125 0.03549060542797495
0 0.16640625 0.49478079331941544 0.0171875 0.033402922755741124
0 0.25546875 0.5427974947807933 0.0234375 0.04592901878914405
0 0.2671875 0.5490605427974948 0.021875 0.04175365344467641
0 0.6640625 0.675365344467641 0.0171875 0.05219206680584551
0 0.68046875 0.6847599164926931 0.01875 0.05636743215031315
0 0.66796875 0.6367432150313153 0.0203125 0.029227557411273485
0 0.68359375 0.6524008350730689 0.0203125 0.03549060542797495
0 0.71015625 0.673277661795407 0.025 0.05010438413361169
0 0.665625 0.6169102296450939 0.01875 0.033402922755741124
0 0.76640625 0.6847599164926931 0.0171875 0.03966597077244259
0 0.74375 0.721294363256785 0.025 0.054279749478079335
0 0.81328125 0.7411273486430062 0.03125 0.05636743215031315
0 0.99140625 0.6356993736951984 0.009375 0.04592901878914405
0 0.9671875 0.6336116910229646 0.028125 0.05636743215031315
0 0.95 0.6263048016701461 0.0203125 0.05219206680584551
0 0.9328125 0.6033402922755741 0.021875 0.037578288100208766
0 0.865625 0.5563674321503131 0.01875 0.029227557411273485
0 0.83125 0.55741127348643 0.0265625 0.04384133611691023
0 0.8515625 0.5668058455114823 0.0203125 0.031315240083507306
0 0.79140625 0.430062630480167 0.0171875 0.033402922755741124
0 0.76640625 0.4196242171189979 0.015625 0.029227557411273485
0 0.7796875 0.4196242171189979 0.0140625 0.03549060542797495
0 0.8890625 0.5970772442588727 0.0265625 0.05010438413361169
0 0.91328125 0.6075156576200418 0.0296875 0.05636743215031315