0 0.39453125 0.5479166666666667 0.034375 0.06041666666666667
0 0.5 0.515625 0.03125 0.08125
0 0.55390625 0.5333333333333333 0.0265625 0.075
0 0.5046875 0.19895833333333332 0.0203125 0.058333333333333334
0 0.52578125 0.5052083333333334 0.025 0.07083333333333333
0 0.45859375 0.5541666666666667 0.0328125 0.09166666666666666
0 0.68046875 0.25729166666666664 0.0234375 0.05625
0 0.60625 0.32395833333333335 0.01875 0.05
0 0.4203125 0.06145833333333333 0.01875 0.05625
0 0.5484375 0.2552083333333333 0.0171875 0.06041666666666667
0 0.6828125 0.32083333333333336 0.021875 0.052083333333333336
0 0.56875 0.2604166666666667 0.0140625 0.04791666666666667