0 0.42675714285714283 0.4000666666666666 0.013535714285714383 0.045209523809523824
0 0.19580000000000003 0.40787619047619045 0.017300000000000027 0.043371428571428554
0 0.6069357142857144 0.3753238095238095 0.012671428571428578 0.04280952380952385
0 0.8093571428571428 0.7466571428571428 0.024828571428571512 0.06110476190476201
0 0.6014214285714286 0.30877142857142853 0.018271428571428494 0.02087619047619048
0 0.5363 0.34873333333333334 0.008249999999999957 0.045780952380952415
0 0.5292714285714285 0.3504952380952381 0.0065785714285715 0.03753333333333326
0 0.5266714285714286 0.3438190476190476 0.009035714285714392 0.044600000000000035
0 0.4737785714285714 0.3787904761904762 0.01581428571428578 0.018676190476190513
0 0.4773642857142857 0.36542857142857144 0.00942857142857143 0.013961904761904738
0 0.4913142857142857 0.38186666666666663 0.010214285714285686 0.028761904761904825
0 0.50295 0.3778761904761904 0.01050714285714296 0.018419047619047647
0 0.5119357142857143 0.38154285714285713 0.009035714285714392 0.021038095238095286
0 0.51415 0.40315238095238093 0.017578571428571443 0.028123809523809485
0 0.4745142857142858 0.41605714285714285 0.009628571428571497 0.02327619047619057
0 0.48615714285714284 0.4155333333333333 0.009921428571428591 0.023799999999999953
0 0.6133 0.10897142857142857 0.008042857142857152 0.01997142857142856
0 0.6238214285714285 0.11051428571428572 0.010699999999999932 0.019238095238095217
0 0.82365 0.07026666666666667 0.005785714285714149 0.014257142857142857
0 0.8376214285714285 0.0778857142857143 0.006185714285714283 0.013933333333333337
0 0.843907142857143 0.06674285714285715 0.007985714285713996 0.012790476190476205
0 0.9047285714285713 0.09092380952380953 0.009578571428571436 0.016866666666666676
0 0.9106642857142857 0.09308571428571427 0.008878571428571291 0.019990476190476187