0 0.43046875 0.4708333333333333 0.0078125 0.020833333333333332
0 0.36796875 0.4739583333333333 0.00625 0.014583333333333334
0 0.4328125 0.440625 0.00625 0.014583333333333334
0 0.31171875 0.4239583333333333 0.0046875 0.0125
0 0.33671875 0.42916666666666664 0.0046875 0.014583333333333334
0 0.35390625 0.4041666666666667 0.0046875 0.016666666666666666
0 0.4578125 0.4583333333333333 0.00625 0.014583333333333334
0 0.31796875 0.35208333333333336 0.0046875 0.014583333333333334
0 0.30546875 0.425 0.00625 0.016666666666666666
0 0.38359375 0.41770833333333335 0.00625 0.01875
0 0.41953125 0.39479166666666665 0.00625 0.0125
0 0.34140625 0.38645833333333335 0.0046875 0.0125
0 0.32890625 0.4 0.0046875 0.010416666666666666
0 0.45703125 0.28958333333333336 0.0046875 0.0125
0 0.4765625 0.4395833333333333 0.0046875 0.008333333333333333
0 0.64609375 0.27395833333333336 0.0046875 0.0125
0 0.96015625 0.08333333333333333 0.0046875 0.008333333333333333
0 0.36640625 0.4125 0.00625 0.014583333333333334
0 0.5015625 0.2864583333333333 0.00625 0.010416666666666666
0 0.65390625 0.27708333333333335 0.003125 0.008333333333333333
0 0.64921875 0.28020833333333334 0.0015625 0.00625