0 0.7797857142857143 0.4900190476190476 0.007521428571428679 0.016596825396825447
0 0.8007785714285713 0.5043428571428572 0.010614285714285732 0.03431111111111104
0 0.7788071428571428 0.49696507936507933 0.010778571428571481 0.03387936507936505
0 0.8007785714285713 0.4982603174603174 0.008285714285714275 0.015974603174603252
0 0.7275357142857143 0.48350476190476194 0.010242857142857175 0.03895873015873011
0 0.8540071428571429 0.516063492063492 0.010985714285714465 0.03420952380952384
0 0.9331071428571427 0.5230095238095238 0.010692857142856838 0.028838095238095225
0 0.8541857142857141 0.5192 0.007621428571428624 0.023580952380952484
0 0.8695357142857143 0.49135238095238093 0.0049428571428570935 0.025041269841269947
0 0.8769571428571428 0.4997714285714286 0.006185714285714283 0.024304761904761878
0 0.8888071428571427 0.5030730158730159 0.005150000000000076 0.022107936507936504
0 0.8942642857142857 0.4927238095238095 0.0037071428571429977 0.01789206349206359
0 0.9387285714285714 0.5318349206349207 0.007935714285714468 0.031288888888888915
0 0.8535642857142858 0.40670476190476185 0.007621428571428624 0.03159365079365083
0 0.5608857142857142 0.290184126984127 0.004635714285714343 0.027161904761904766
0 0.6270857142857142 0.157384126984127 0.00422857142857147 0.028101587301587315
0 0.6418214285714285 0.1605968253968254 0.006464285714285723 0.027149206349206326