0 0.16328125 0.07306889352818371 0.009375 0.020876826722338204
0 0.5578125 0.3068893528183716 0.0109375 0.029227557411273485
0 0.5703125 0.3048016701461378 0.0109375 0.031315240083507306
0 0.80234375 0.791231732776618 0.028125 0.060542797494780795
0 0.540625 0.278705636743215 0.009375 0.027139874739039668
0 0.434375 0.35386221294363257 0.0125 0.031315240083507306
0 0.396875 0.3288100208768267 0.0203125 0.031315240083507306
0 0.69453125 0.2954070981210856 0.0140625 0.03549060542797495
0 0.68046875 0.29123173277661796 0.0078125 0.033402922755741124
0 0.68515625 0.3037578288100209 0.0078125 0.03549060542797495
0 0.6875 0.2839248434237996 0.0046875 0.006263048016701462
0 0.79375 0.12212943632567849 0.009375 0.027139874739039668
0 0.490625 0.1544885177453027 0.0046875 0.029227557411273485
0 0.49921875 0.15866388308977036 0.0046875 0.018789144050104383