0 0.36953125 0.5793319415448852 0.021875 0.037578288100208766
0 0.70703125 0.34133611691022964 0.009375 0.029227557411273485
0 0.6890625 0.20146137787056367 0.0078125 0.025052192066805846
0 0.3671875 0.35908141962421714 0.0125 0.025052192066805846
0 0.0921875 0.6242171189979123 0.0203125 0.037578288100208766
0 0.81015625 0.2766179540709812 0.0109375 0.029227557411273485
0 0.91953125 0.14613778705636743 0.00625 0.018789144050104383
0 0.8046875 0.151356993736952 0.00625 0.018789144050104383
0 0.0796875 0.651356993736952 0.01875 0.03549060542797495
0 0.1125 0.6409185803757829 0.0109375 0.022964509394572025
0 0.1 0.6419624217118998 0.0171875 0.029227557411273485
0 0.83671875 0.11899791231732777 0.0046875 0.014613778705636743
0 0.7765625 0.19102296450939457 0.00625 0.014613778705636743
0 0.78359375 0.21711899791231734 0.0046875 0.014613778705636743
0 0.85703125 0.2661795407098121 0.0109375 0.016701461377870562