0 0.50390625 0.6777777777777778 0.021875 0.09444444444444444
0 0.47265625 0.6638888888888889 0.0265625 0.10555555555555556
0 0.45078125 0.7027777777777777 0.0140625 0.03888888888888889
0 0.4234375 0.6847222222222222 0.0203125 0.06666666666666667
0 0.290625 0.6319444444444444 0.034375 0.11666666666666667
0 0.26015625 0.6569444444444444 0.01875 0.044444444444444446
0 0.14453125 0.5722222222222222 0.0171875 0.06944444444444445
0 0.11484375 0.5541666666666667 0.0140625 0.05
0 0.12109375 0.5333333333333333 0.01875 0.07777777777777778
0 0.68125 0.4388888888888889 0.003125 0.011111111111111112
0 0.678125 0.4375 0.003125 0.008333333333333333
0 0.6375 0.43472222222222223 0.003125 0.005555555555555556
0 0.66015625 0.45416666666666666 0.00625 0.016666666666666666
0 0.66484375 0.45416666666666666 0.003125 0.013888888888888888
0 0.67265625 0.48333333333333334 0.0046875 0.019444444444444445
0 0.67109375 0.4666666666666667 0.0046875 0.008333333333333333