0 0.14013571428571428 0.6738285714285713 0.016021428571428586 0.01540000000000011
0 0.15735 0.5647809523809523 0.017578571428571443 0.016895238095238106
0 0.2033714285714286 0.49479047619047617 0.020171428571428597 0.010752380952380965
0 0.07519285714285714 0.49967619047619044 0.014957142857142846 0.014933333333333347
0 0.3972142857142857 0.31657142857142856 0.017514285714285725 0.015828571428571435
0 0.3122857142857143 0.6137904761904761 0.010771428571428565 0.01319999999999979
0 0.20993571428571428 0.6145714285714285 0.013392857142857118 0.012419047619047536
0 0.32509285714285713 0.7485047619047619 0.008442857142857196 0.01319999999999979
0 0.41360714285714284 0.7271523809523809 0.008442857142857108 0.010095238095238082
0 0.4140499999999999 0.7106571428571429 0.010485714285714386 0.018247619047619186
0 0.53095 0.7560761904761903 0.006700000000000017 0.01048571428571421
0 0.5324071428571429 0.7390000000000001 0.00495000000000001 0.015914285714285843
0 0.4916428571428571 0.7921238095238096 0.008249999999999957 0.014200000000000065
0 0.4945642857142857 0.7993238095238094 0.0060000000000000496 0.009799999999999897
0 0.5055142857142857 0.7960285714285714 0.013499999999999979 0.015999999999999896
0 0.37291428571428575 0.46885714285714286 0.008878571428571468 0.0074476190476191325
0 0.40205 0.46904761904761905 0.00844999999999998 0.011647619047619054
0 0.3711928571428571 0.4405047619047619 0.008021428571428579 0.007257142857142895
0 0.35214285714285715 0.44690476190476186 0.007735714285714313 0.006685714285714303
0 0.35852142857142855 0.4568285714285715 0.008164285714285669 0.007828571428571489
0 0.3426214285714286 0.4814571428571428 0.012457142857142856 0.008971428571428556
0 0.34304999999999997 0.3918095238095238 0.011314285714285699 0.014514285714285672
0 0.37205 0.38274285714285716 0.007157142857142862 0.009733333333333387
0 0.3873714285714286 0.3927714285714286 0.009164285714285647 0.008019047619047608
0 0.3968285714285714 0.3984952380952381 0.008307142857142935 0.009161904761904793
0 0.3893785714285714 0.4175904761904762 0.007450000000000045 0.008780952380952438
0 0.31304999999999994 0.46074285714285707 0.010885714285714254 0.008780952380952438
0 0.09327142857142859 0.35536190476190477 0.012057142857142855 0.02222857142857144
0 0.048057142857142854 0.2406857142857143 0.01808571428571428 0.015133333333333355