0 0.21953125 0.5194986072423399 0.0078125 0.016713091922005572
0 0.19765625 0.5362116991643454 0.0109375 0.036211699164345405
0 0.2203125 0.5278551532033426 0.0109375 0.036211699164345405
0 0.19765625 0.5292479108635098 0.009375 0.016713091922005572
0 0.27421875 0.5111420612813371 0.0109375 0.04178272980501393
0 0.1421875 0.5501392757660167 0.0125 0.036211699164345405
0 0.06015625 0.5598885793871866 0.0109375 0.03064066852367688
0 0.1421875 0.552924791086351 0.0078125 0.025069637883008356
0 0.12578125 0.5236768802228412 0.0046875 0.025069637883008356
0 0.11796875 0.5334261838440112 0.00625 0.025069637883008356
0 0.10625 0.5376044568245125 0.00625 0.022284122562674095
0 0.1 0.5264623955431755 0.0046875 0.019498607242339833
0 0.05390625 0.5682451253481894 0.009375 0.033426183844011144
0 0.14140625 0.435933147632312 0.0078125 0.033426183844011144
0 0.44609375 0.30362116991643456 0.0046875 0.027855153203342618
0 0.375 0.1671309192200557 0.0046875 0.03064066852367688
0 0.36015625 0.1713091922005571 0.00625 0.027855153203342618